5.62914e-003 
5.62914e-003 
2.32229e-006 
-8.17437e-003 
-1.68588e-002 
-1.96905e-002 
-1.13690e-002 
-1.32813e-002 
-1.80605e-002 
-1.47372e-003 
1.92145e-003 
1.82494e-002 
2.52208e-002 
1.52414e-002 
1.20708e-002 
-6.13136e-003 
-1.10292e-002 
-2.77911e-003 
-7.91660e-003 
-8.24071e-003 
-6.15541e-003 
-3.53595e-004 
-2.21537e-003 
5.78908e-003 
2.09027e-003 
-1.79433e-003 
-4.91256e-003 
-4.43790e-003 
-1.20424e-002 
-1.42665e-002 
4.17074e-003 
1.18336e-002 
9.52756e-003 
-1.78544e-003 
-3.33108e-003 
-3.76272e-003 
-1.53476e-002 
-9.95547e-003 
-8.41125e-003 
-7.48344e-003 
-7.48344e-003 
2.56994e-002 
5.10136e-002 
3.11298e-002 
2.64749e-002 
2.29760e-002 
2.14216e-002 
2.52141e-002 
3.71183e-002 
5.39441e-002 
3.58786e-002 
2.06973e-002 
4.54079e-002 
4.00625e-002 
2.60314e-002 
2.47619e-002 
2.56680e-002 
1.26795e-002 
4.89802e-003 
1.32796e-002 
7.76440e-003 
1.29199e-002 
2.82036e-002 
2.00273e-002 
1.30503e-003 
-1.58707e-002 
-1.78045e-002 
4.66397e-003 
2.92872e-002 
1.49473e-002 
1.02937e-002 
2.34077e-003 
2.52597e-002 
3.70378e-002 
4.02702e-002 
-1.00957e-002 
-1.76212e-003 
4.67145e-003 
2.32229e-006 
-2.09692e-002 
-2.14802e-002 
-1.43166e-002 
-1.63878e-002 
-1.90166e-002 
4.56421e-003 
3.06236e-002 
3.46046e-002 
3.16448e-002 
2.05024e-002 
1.45258e-002 
3.33855e-003 
-1.62357e-003 
2.36066e-004 
-2.46426e-003 
0.00000e+000 
3.80937e-003 
3.80937e-003 
-2.82209e-003 
1.74449e-003 
1.74449e-003 
-1.79433e-003 
-1.01693e-002 
-1.01933e-002 
-1.67064e-002 
-1.45740e-002 
5.50006e-003 
1.14337e-002 
6.95870e-004 
-1.49779e-002 
-1.94892e-002 
-1.68603e-002 
-1.68603e-002 
-1.73697e-002 
-9.76212e-003 
-1.90199e-002 
-1.08279e-002 
-1.02530e-002 
2.64749e-002 
2.81623e-002 
3.73197e-002 
2.22574e-002 
1.56132e-002 
1.37416e-002 
4.43761e-002 
6.69527e-002 
5.54430e-002 
3.11621e-002 
4.49017e-002 
3.56752e-002 
3.51121e-002 
2.47619e-002 
1.29494e-002 
1.72052e-002 
1.72052e-002 
6.69103e-003 
1.52764e-003 
6.83421e-003 
1.23012e-002 
5.49202e-003 
-1.01767e-003 
-8.52898e-003 
-8.52898e-003 
-4.59036e-003 
9.29887e-003 
1.23793e-002 
2.18074e-002 
2.49525e-002 
3.13013e-002 
4.09456e-002 
3.75992e-002 
-1.20499e-002 
7.03988e-003 
4.67145e-003 
-1.09542e-002 
-2.14802e-002 
-2.77841e-002 
-2.14802e-002 
-2.38888e-002 
-2.38888e-002 
3.06236e-002 
6.75276e-002 
6.43584e-002 
4.42996e-002 
2.98428e-002 
9.17414e-003 
3.33855e-003 
2.36066e-004 
1.76843e-003 
1.76843e-003 
1.68730e-003 
6.68244e-003 
1.33514e-002 
-2.21537e-003 
-1.04473e-003 
-2.82704e-003 
-5.10253e-003 
-8.89067e-003 
-1.67064e-002 
-2.83880e-002 
-2.05496e-002 
-5.00530e-004 
1.06251e-002 
2.24564e-003 
-1.84407e-002 
-2.48620e-002 
-1.92385e-002 
-1.44366e-002 
-1.22786e-002 
-9.76212e-003 
-1.82855e-002 
-1.28955e-002 
-1.02530e-002 
8.44542e-003 
9.02645e-003 
2.77500e-002 
3.27269e-002 
3.54874e-002 
3.56552e-002 
5.42229e-002 
7.27500e-002 
6.81955e-002 
4.54079e-002 
4.36208e-002 
3.56752e-002 
3.14081e-002 
1.68418e-002 
-1.19397e-002 
1.53730e-002 
1.60390e-002 
4.55059e-003 
-8.34602e-003 
-4.39439e-003 
3.17959e-004 
-6.89952e-003 
-1.17064e-002 
-9.87490e-003 
-2.62530e-003 
5.94628e-004 
1.10246e-002 
2.89851e-002 
3.73533e-002 
3.73533e-002 
3.23397e-002 
3.26930e-002 
2.80390e-002 
-2.35635e-002 
-1.62924e-003 
-1.30470e-002 
-1.65923e-002 
-1.97198e-002 
-2.11642e-002 
-1.28295e-002 
-1.85487e-002 
-1.53727e-002 
3.34072e-002 
6.72780e-002 
6.16418e-002 
3.06828e-002 
2.11976e-002 
1.12185e-002 
2.18981e-003 
2.36066e-004 
9.33254e-003 
1.66699e-002 
3.81492e-003 
4.69729e-003 
6.68244e-003 
-1.81412e-003 
-3.17660e-003 
-1.98889e-002 
-1.71053e-002 
-1.48135e-002 
-8.12086e-003 
-1.98355e-002 
-2.15867e-002 
-7.47900e-003 
-1.67453e-003 
2.24564e-003 
4.13671e-004 
-1.07461e-002 
-2.44788e-002 
-1.55920e-002 
1.36079e-003 
-3.96971e-003 
-1.38777e-002 
-1.28955e-002 
-3.73162e-003 
1.53788e-002 
8.69447e-003 
1.59231e-002 
6.75404e-002 
7.34515e-002 
5.85615e-002 
5.10924e-002 
7.28655e-002 
7.28655e-002 
5.67909e-002 
3.94381e-002 
2.87207e-002 
2.80044e-002 
9.68901e-003 
-1.05364e-002 
-1.05364e-002 
8.98152e-003 
8.56109e-003 
-6.00835e-003 
-7.66418e-003 
-3.38834e-003 
-4.80439e-003 
-5.20609e-003 
-7.77999e-003 
-4.34280e-003 
7.43901e-003 
1.34268e-002 
3.04416e-002 
3.51822e-002 
4.06146e-002 
2.82914e-002 
2.64470e-002 
2.72451e-002 
-2.63903e-002 
-1.45010e-002 
-2.57033e-003 
-5.13257e-003 
-1.58644e-002 
-9.58905e-003 
2.08199e-003 
6.16519e-003 
5.40267e-003 
1.69025e-002 
4.55685e-002 
3.34817e-002 
2.14189e-002 
1.49590e-002 
5.62631e-003 
-3.48435e-003 
-8.88096e-003 
1.67020e-002 
1.68320e-002 
7.45759e-003 
1.46335e-003 
-2.85618e-003 
-9.67044e-003 
-1.20769e-002 
-2.42912e-002 
-3.16701e-002 
-1.19582e-002 
8.49960e-005 
-1.59632e-003 
-1.09915e-002 
-1.98355e-002 
-1.72567e-002 
-1.24786e-002 
-7.12712e-003 
-1.07461e-002 
-2.19440e-002 
-1.55920e-002 
3.38782e-003 
-2.84913e-003 
-1.43783e-002 
-2.12017e-002 
-3.07684e-003 
1.53788e-002 
9.01555e-003 
7.25242e-003 
6.99596e-002 
7.82896e-002 
6.27339e-002 
4.84692e-002 
5.85466e-002 
5.94355e-002 
5.10955e-002 
4.29175e-002 
2.82097e-002 
2.64224e-002 
1.46486e-002 
-1.49445e-003 
-8.03292e-003 
4.23687e-003 
4.23687e-003 
8.56109e-003 
9.87690e-003 
7.94199e-003 
1.44588e-002 
1.23113e-002 
4.82351e-003 
4.54923e-003 
3.15149e-002 
3.77183e-002 
4.00440e-002 
3.51822e-002 
3.28898e-002 
1.76347e-002 
7.87237e-003 
2.72451e-002 
-1.16140e-002 
-1.38737e-002 
-1.06906e-003 
0.00000e+000 
3.02312e-003 
3.00616e-003 
1.46457e-002 
2.03866e-002 
1.77848e-002 
1.22465e-002 
2.61434e-002 
2.32250e-002 
1.72838e-002 
1.48064e-002 
3.78578e-003 
-1.10907e-002 
-6.09299e-003 
5.26151e-003 
7.25283e-003 
7.90702e-003 
-1.25626e-003 
-4.20265e-003 
-1.06657e-002 
-2.73294e-003 
-1.20769e-002 
-2.17437e-002 
-1.19582e-002 
-1.76959e-003 
-5.29109e-003 
-9.66721e-003 
-1.59195e-002 
-2.53037e-002 
-2.03330e-002 
-1.40330e-002 
-1.85258e-002 
-2.19440e-002 
-7.97435e-003 
3.80154e-003 
-3.67427e-004 
-1.43783e-002 
-2.12017e-002 
-1.03293e-002 
8.50843e-003 
1.29395e-002 
1.95409e-002 
5.12833e-002 
5.85662e-002 
6.16619e-002 
5.36337e-002 
5.36337e-002 
5.29604e-002 
4.52653e-002 
3.82542e-002 
2.36884e-002 
2.36884e-002 
2.99099e-002 
2.05136e-002 
1.54209e-002 
1.28401e-002 
1.06440e-002 
1.21785e-002 
1.31751e-002 
1.61767e-002 
1.89388e-002 
1.89388e-002 
1.82318e-002 
1.62591e-002 
2.86233e-002 
3.21172e-002 
3.33896e-002 
2.76581e-002 
2.49147e-002 
1.45157e-002 
-4.34612e-003 
9.83865e-003 
-1.16140e-002 
-1.88259e-002 
-1.06906e-003 
3.02312e-003 
1.79792e-002 
2.01727e-002 
2.13788e-002 
1.93253e-002 
1.93253e-002 
1.06781e-002 
1.02767e-002 
7.17110e-003 
1.36836e-002 
6.37227e-003 
-2.73284e-003 
-5.10622e-003 
-4.49919e-004 
3.65465e-003 
-4.49919e-004 
4.11995e-003 
4.11995e-003 
2.27332e-003 
-2.11309e-003 
2.08542e-003 
-7.58966e-003 
-1.39206e-002 
-1.04715e-002 
-1.46597e-003 
-6.16369e-003 
-9.66721e-003 
-1.51028e-002 
-2.04080e-002 
-2.04080e-002 
-2.54012e-002 
-3.35589e-002 
-2.60036e-002 
-7.71910e-003 
5.12883e-003 
1.08724e-002 
1.86669e-003 
-7.74869e-003 
-6.05987e-003 
3.39216e-003 
1.41214e-002 
3.03343e-002 
3.71029e-002 
4.08237e-002 
3.91670e-002 
4.27542e-002 
4.66963e-002 
4.16519e-002 
2.95396e-002 
2.40575e-002 
2.09471e-002 
2.32997e-002 
3.55220e-002 
3.56112e-002 
3.56112e-002 
2.98102e-002 
2.12235e-002 
5.60854e-003 
3.13288e-003 
1.31751e-002 
1.74112e-002 
1.71772e-002 
3.08704e-003 
1.32068e-003 
7.34996e-003 
1.26664e-002 
5.40857e-003 
1.89683e-002 
2.51210e-002 
2.46693e-002 
1.02478e-002 
3.26472e-002 
-1.33643e-002 
-1.75633e-002 
-3.94598e-003 
2.85874e-003 
2.07840e-002 
2.48279e-002 
3.02834e-002 
1.45644e-002 
8.83227e-003 
0.00000e+000 
-8.64079e-003 
-1.31220e-002 
-5.55351e-003 
-5.55351e-003 
-4.43407e-003 
-1.66317e-003 
6.37311e-003 
3.03483e-003 
-3.77393e-003 
-3.70901e-003 
5.45598e-003 
9.69986e-003 
8.05220e-003 
1.13671e-002 
-1.06533e-002 
-1.28481e-002 
1.87258e-003 
1.16936e-002 
2.55028e-003 
-6.80119e-003 
-2.00061e-002 
-2.41658e-002 
-2.00061e-002 
-1.97959e-002 
-2.18664e-002 
-1.02076e-002 
-4.02797e-003 
4.79836e-003 
1.24443e-002 
2.42946e-002 
5.91296e-003 
4.32263e-003 
1.08841e-002 
2.11217e-002 
3.05508e-002 
3.05508e-002 
5.81179e-004 
2.32565e-003 
2.47170e-002 
4.92600e-002 
4.66963e-002 
3.01310e-002 
2.63825e-002 
3.69235e-002 
5.47431e-002 
5.45962e-002 
4.49781e-002 
4.38227e-002 
3.86747e-002 
2.61076e-002 
5.14661e-003 
4.26878e-003 
1.18640e-002 
1.32413e-002 
4.08673e-003 
-1.21264e-003 
-1.28190e-002 
-1.28190e-002 
3.92589e-003 
1.26664e-002 
2.55717e-002 
2.58745e-002 
2.84547e-002 
2.89780e-002 
5.53092e-002 
-7.03119e-003 
-5.81704e-003 
2.85874e-003 
2.85874e-003 
1.15317e-002 
2.48279e-002 
1.32367e-002 
1.21426e-003 
3.35773e-003 
-3.30604e-003 
-1.88768e-002 
-1.63299e-002 
-5.95143e-003 
-4.78150e-003 
-4.19558e-003 
-1.66317e-003 
6.23465e-003 
-3.87359e-003 
-1.19554e-002 
-5.56937e-003 
7.23267e-003 
3.26767e-002 
3.47962e-002 
4.07441e-002 
1.93999e-002 
-4.20338e-003 
-1.66589e-003 
1.28283e-002 
1.28283e-002 
-8.94083e-004 
-1.84317e-002 
-1.88096e-002 
-1.46240e-002 
-4.21915e-003 
-2.03236e-002 
-1.79469e-002 
-4.02797e-003 
4.79836e-003 
1.09458e-002 
2.85711e-002 
9.33080e-003 
1.28243e-002 
3.42868e-002 
3.36797e-002 
2.68301e-002 
2.46046e-002 
9.84966e-003 
1.27406e-002 
3.90069e-002 
4.79034e-002 
5.05317e-002 
4.99849e-002 
4.27924e-002 
5.09381e-002 
6.26609e-002 
5.43356e-002 
4.58683e-002 
4.34341e-002 
3.84233e-002 
2.16535e-002 
5.60854e-003 
5.37611e-003 
5.44295e-003 
1.32413e-002 
3.08704e-003 
-6.12838e-003 
-1.51765e-002 
-1.14227e-002 
1.34668e-002 
3.37574e-002 
3.07392e-002 
2.73826e-002 
2.42546e-002 
3.34400e-002 
5.42954e-002 
3.06533e-003 
6.81735e-003 
1.17542e-002 
7.52906e-003 
2.09893e-002 
1.54939e-002 
-5.75457e-003 
-1.18848e-002 
0.00000e+000 
-5.65075e-003 
-1.56772e-002 
-1.11985e-002 
7.55331e-003 
1.86057e-002 
3.96582e-003 
4.84360e-003 
1.11408e-002 
1.46316e-002 
-2.49697e-003 
2.02147e-003 
7.23267e-003 
2.20285e-002 
2.98876e-002 
3.56724e-002 
1.15286e-002 
-2.53453e-003 
-1.11259e-002 
-4.20338e-003 
4.21292e-003 
7.04241e-003 
-2.75273e-003 
1.13742e-003 
5.90327e-004 
5.90327e-004 
-9.07899e-003 
-1.67404e-002 
1.56735e-003 
6.49717e-003 
1.35750e-002 
2.36523e-002 
1.68120e-002 
2.45510e-002 
3.77262e-002 
4.12389e-002 
2.68510e-002 
2.53419e-002 
2.18245e-002 
2.24947e-002 
2.63351e-002 
3.58259e-002 
5.02021e-002 
5.61975e-002 
5.10592e-002 
4.54713e-002 
4.57540e-002 
3.46031e-002 
2.73710e-002 
3.07190e-002 
3.42378e-002 
1.27701e-002 
4.74202e-004 
3.95643e-003 
-5.69376e-004 
-5.69376e-004 
-1.81601e-003 
-7.24586e-003 
-1.00874e-002 
-1.92488e-004 
5.00793e-003 
9.46214e-003 
2.08853e-002 
2.24361e-002 
1.80741e-002 
2.00717e-002 
3.90823e-002 
1.74900e-002 
1.74900e-002 
3.41498e-003 
-3.19810e-003 
7.07664e-003 
-4.58062e-003 
-1.63160e-002 
-1.55798e-002 
-1.11081e-002 
-2.17351e-002 
-2.27951e-002 
-3.88853e-003 
2.11651e-002 
3.04819e-002 
5.28665e-003 
7.25525e-003 
1.14407e-002 
1.34820e-002 
3.45376e-003 
2.86954e-003 
1.30351e-004 
4.71673e-003 
2.07897e-002 
9.65044e-003 
6.71224e-004 
-1.02640e-002 
-6.99616e-003 
-1.30024e-002 
-1.67011e-002 
8.15671e-003 
9.86086e-003 
1.45546e-002 
2.29345e-003 
-8.35511e-003 
-9.30368e-003 
-1.55062e-002 
1.56735e-003 
7.07643e-003 
1.89716e-002 
3.29378e-002 
2.40497e-002 
1.61434e-002 
2.61006e-002 
4.31404e-002 
3.36288e-002 
2.66741e-002 
2.25333e-002 
2.76144e-002 
3.44732e-002 
3.57762e-002 
5.57418e-002 
6.65546e-002 
4.19729e-002 
2.17199e-002 
1.15061e-002 
8.02070e-003 
9.12927e-003 
1.13478e-002 
1.44780e-002 
2.31725e-003 
-9.90690e-003 
-3.42754e-003 
-2.21729e-004 
8.99233e-005 
5.02968e-003 
-2.58714e-003 
-3.19235e-003 
7.74838e-004 
-2.79614e-003 
-9.31573e-003 
2.71173e-003 
1.36028e-002 
1.31906e-002 
0.00000e+000 
3.04869e-002 
2.65722e-003 
-2.95211e-003 
-7.87579e-003 
-1.42243e-002 
-1.12049e-002 
-1.52225e-002 
-1.52873e-002 
-8.58693e-003 
-9.69659e-003 
-1.33855e-002 
-1.26960e-002 
-1.98899e-003 
2.10805e-002 
3.18284e-002 
1.52502e-002 
7.02928e-003 
-4.84703e-003 
4.74081e-003 
5.15610e-003 
3.04685e-004 
-5.50303e-003 
-3.76716e-003 
4.71673e-003 
9.65044e-003 
3.34390e-003 
-6.80664e-003 
5.40529e-003 
6.68800e-003 
-1.11826e-002 
-1.31187e-003 
1.14108e-002 
1.41869e-002 
1.19144e-003 
-9.30368e-003 
-1.30648e-002 
-1.56527e-002 
-6.12763e-003 
6.73384e-003 
1.89716e-002 
2.03929e-002 
1.91539e-002 
-6.86521e-003 
2.02751e-002 
2.93823e-002 
2.27049e-002 
1.38967e-002 
2.46152e-002 
5.39955e-002 
5.39955e-002 
4.26563e-002 
5.57418e-002 
5.72004e-002 
1.63216e-002 
1.24365e-002 
4.78251e-003 
7.20598e-003 
2.72819e-003 
4.29076e-003 
3.91721e-003 
-4.24071e-003 
-1.60113e-002 
-3.27494e-003 
0.00000e+000 
4.06947e-003 
1.39620e-002 
1.09601e-002 
8.10318e-003 
2.89077e-003 
-9.30253e-003 
-1.41137e-002 
-8.40640e-003 
1.61073e-003 
1.31906e-002 
0.00000e+000 
2.21478e-002 
-1.77891e-002 
-1.91303e-002 
-1.38253e-002 
-1.19226e-002 
-1.42243e-002 
-1.22586e-002 
-5.50870e-003 
-4.79645e-003 
-5.18220e-003 
-7.87694e-003 
-1.34451e-002 
-1.24344e-002 
3.77827e-004 
2.97713e-002 
2.16761e-002 
7.02928e-003 
-7.66256e-003 
-3.72981e-004 
9.35683e-003 
-6.27130e-003 
-1.42936e-002 
-1.04773e-002 
5.11298e-003 
1.52566e-002 
8.85652e-003 
-4.04594e-003 
6.68800e-003 
1.12540e-002 
5.26858e-003 
-8.15351e-003 
-4.28897e-003 
-3.14654e-003 
-6.98152e-003 
-1.57220e-002 
-1.79193e-002 
-1.75292e-002 
-1.56527e-002 
-7.08148e-003 
7.64923e-003 
1.65178e-002 
3.20911e-003 
-7.06909e-003 
1.56354e-002 
2.93823e-002 
1.66872e-002 
-1.00773e-002 
1.05789e-002 
5.56583e-002 
5.97779e-002 
5.05533e-002 
5.01141e-002 
3.97230e-002 
2.01208e-002 
7.67336e-003 
3.35319e-005 
1.46113e-003 
-3.50242e-004 
-5.79437e-003 
-1.23475e-003 
-2.23614e-003 
-1.53507e-002 
0.00000e+000 
1.51866e-003 
1.74061e-003 
1.24274e-002 
1.58586e-002 
1.10675e-002 
8.95870e-003 
2.89077e-003 
-6.42235e-003 
-4.74737e-003 
1.68476e-003 
1.68468e-002 
1.50581e-002 
2.46224e-002 
-1.91303e-002 
-2.91403e-002 
-1.11333e-002 
-3.52958e-003 
-3.76121e-003 
-3.76121e-003 
-1.82966e-003 
7.06018e-003 
-4.23233e-003 
-1.04696e-002 
-1.44703e-002 
-2.56491e-002 
-1.24006e-002 
2.97713e-002 
3.18284e-002 
2.12791e-002 
1.15297e-002 
1.56407e-002 
1.75515e-002 
7.66862e-003 
-1.17402e-002 
-1.08790e-002 
-5.65337e-003 
2.91428e-003 
-4.04594e-003 
-1.68591e-002 
-5.73940e-003 
5.58014e-003 
3.65226e-003 
-2.24556e-002 
-1.88500e-002 
-1.18147e-002 
-1.36983e-002 
-1.87293e-002 
-1.61701e-002 
-7.08148e-003 
-7.08148e-003 
9.68498e-004 
-6.65893e-003 
7.03039e-003 
3.20911e-003 
-5.79463e-003 
8.89065e-003 
3.78640e-002 
1.59052e-002 
5.73920e-003 
2.45860e-002 
5.27588e-002 
4.95659e-002 
4.57363e-002 
4.89220e-002 
3.56136e-002 
2.37222e-002 
7.26484e-003 
-7.47557e-003 
1.31374e-003 
2.79281e-004 
-1.71127e-002 
-9.23566e-003 
2.91397e-004 
-6.31008e-003 
4.50596e-003 
4.60258e-004 
-1.98565e-003 
-1.08705e-002 
2.69558e-003 
7.45880e-003 
8.95870e-003 
1.89489e-003 
-6.50279e-003 
-4.97153e-003 
0.00000e+000 
5.60380e-003 
1.47557e-002 
2.52167e-002 
-2.36175e-002 
-2.35065e-002 
-1.43425e-002 
7.28170e-004 
4.31745e-003 
6.35077e-003 
2.70123e-003 
8.77928e-003 
-1.09148e-002 
-1.98156e-002 
-1.09807e-002 
-1.24344e-002 
-5.95618e-003 
3.03123e-002 
3.53211e-002 
2.14277e-002 
1.75719e-002 
3.17687e-002 
3.43170e-002 
1.25180e-002 
2.42114e-003 
5.39580e-004 
-5.72567e-003 
-4.01929e-003 
-2.85996e-002 
-3.13280e-002 
-2.75527e-002 
-3.25212e-003 
1.34047e-003 
-1.56997e-002 
-1.08708e-002 
-5.39883e-004 
-5.78211e-003 
-1.42952e-002 
-2.22254e-003 
2.13829e-002 
1.65004e-002 
1.65004e-002 
3.92753e-003 
7.48364e-003 
-4.49273e-003 
-2.23607e-003 
2.96260e-002 
4.20575e-002 
1.83426e-002 
1.38674e-002 
4.21718e-002 
5.00777e-002 
4.44406e-002 
3.43055e-002 
4.18192e-002 
4.04372e-002 
3.14086e-002 
3.81422e-003 
-1.97393e-002 
-6.43679e-003 
-6.43679e-003 
-1.52827e-002 
-8.79715e-003 
2.91397e-004 
-4.68568e-003 
8.51303e-003 
4.11389e-003 
-1.01834e-002 
-1.68253e-002 
-5.86955e-003 
-2.36935e-003 
-1.70699e-003 
-6.06785e-003 
-7.79936e-003 
-1.14102e-002 
-1.23728e-002 
-5.37004e-003 
1.15042e-002 
2.46224e-002 
-1.82428e-002 
-1.72044e-002 
-9.37288e-003 
-6.30695e-003 
-3.76121e-003 
1.52147e-002 
1.73367e-002 
1.04761e-002 
-9.04836e-003 
-1.14681e-002 
7.39600e-003 
3.56533e-003 
1.11352e-002 
3.84957e-002 
3.49901e-002 
1.65312e-002 
3.48647e-003 
3.78231e-003 
-2.42710e-003 
3.72880e-003 
5.39610e-003 
3.72880e-003 
-7.77383e-003 
-4.01929e-003 
-1.95074e-002 
-3.37677e-002 
-2.75527e-002 
-9.93377e-003 
8.88166e-003 
2.61389e-003 
5.03423e-003 
9.36511e-003 
3.54766e-003 
9.45174e-003 
1.88150e-002 
2.33895e-002 
7.29412e-003 
1.76171e-002 
2.52490e-002 
2.85267e-002 
1.11860e-002 
9.60046e-003 
2.59269e-002 
3.60370e-002 
2.29089e-002 
3.03972e-002 
5.77393e-002 
4.89850e-002 
3.83168e-002 
3.18044e-002 
3.91906e-002 
4.04372e-002 
3.03390e-002 
-2.55796e-003 
-1.23627e-002 
-6.83825e-003 
-1.11431e-002 
-1.71127e-002 
-3.10831e-002 
-2.76455e-002 
-1.56183e-002 
-4.93931e-003 
6.97506e-003 
-9.43599e-004 
-9.43599e-004 
1.38429e-004 
1.38429e-004 
-1.28130e-003 
-2.07320e-003 
-6.06785e-003 
-7.05503e-003 
-7.93275e-003 
0.00000e+000 
8.77141e-003 
1.83313e-002 
-1.28824e-002 
-1.21707e-002 
-6.30695e-003 
-8.13408e-003 
4.01575e-004 
1.73367e-002 
2.14405e-002 
1.13758e-002 
-1.09148e-002 
2.49939e-003 
1.11352e-002 
9.01636e-003 
1.78969e-002 
2.87615e-002 
1.78969e-002 
1.65312e-002 
5.28393e-003 
-9.15135e-003 
-1.88192e-002 
-1.73829e-002 
-9.48556e-003 
-8.04816e-004 
2.31189e-003 
4.57952e-003 
-7.93851e-003 
-3.20668e-002 
-3.13560e-002 
-2.35588e-002 
8.21894e-003 
1.00624e-002 
5.69099e-003 
1.07463e-002 
1.08456e-002 
1.36821e-002 
1.62736e-002 
9.45174e-003 
-6.69457e-003 
6.48960e-003 
4.37488e-002 
5.88671e-002 
4.24299e-002 
2.40547e-002 
2.29570e-002 
2.52314e-002 
1.51278e-002 
1.27716e-002 
3.61682e-002 
3.58880e-002 
3.23761e-002 
2.77672e-002 
3.34505e-002 
4.26929e-002 
3.29786e-002 
5.35339e-003 
1.36955e-003 
1.33736e-002 
-1.77555e-003 
-1.22516e-002 
-3.67050e-002 
-3.01793e-002 
-1.72559e-002 
-6.46517e-003 
7.72163e-003 
1.38365e-002 
2.07791e-002 
1.89135e-002 
9.39954e-003 
5.93013e-004 
4.37500e-003 
3.35168e-003 
-3.26605e-003 
-4.26243e-003 
3.08885e-003 
8.11692e-003 
1.50089e-002 
-1.21707e-002 
-1.28824e-002 
-9.21113e-003 
-5.42822e-003 
1.67458e-003 
8.60349e-003 
1.89022e-003 
-1.77181e-004 
-1.91317e-002 
1.90327e-003 
3.04335e-002 
1.41084e-002 
1.49778e-002 
1.76293e-002 
1.70892e-002 
1.49760e-002 
1.85632e-003 
-1.59277e-002 
-1.59277e-002 
-2.09628e-002 
-2.53330e-002 
-1.58393e-002 
-1.31058e-003 
6.55129e-003 
-1.40431e-002 
-1.58704e-002 
-2.50574e-002 
-2.50574e-002 
2.75763e-003 
1.00866e-002 
7.90842e-003 
1.27758e-002 
1.35094e-002 
2.38304e-003 
-3.65408e-004 
-1.48314e-003 
-1.35728e-002 
-2.93417e-003 
4.97392e-002 
5.88873e-002 
4.97392e-002 
2.67813e-002 
2.31750e-002 
3.73577e-002 
2.74939e-002 
2.92759e-002 
3.10443e-002 
3.11800e-002 
2.77672e-002 
1.74729e-002 
2.60067e-002 
4.26929e-002 
4.14035e-002 
3.06588e-002 
3.00973e-002 
3.95409e-002 
3.70160e-002 
2.30100e-002 
-7.70143e-003 
-1.17474e-002 
-1.53640e-002 
-1.53640e-002 
1.00020e-003 
5.31583e-003 
1.89135e-002 
1.12725e-002 
5.39085e-003 
0.00000e+000 
4.69225e-003 
6.48575e-003 
-1.00650e-003 
-2.68679e-003 
3.72627e-003 
4.03473e-003 
1.44669e-003 
2.38893e-004 
-1.02753e-002 
-2.19855e-003 
8.42084e-005 
2.24354e-003 
-6.37197e-003 
-3.18146e-002 
-3.11854e-002 
-2.17718e-002 
-3.49647e-003 
3.47802e-002 
2.65782e-002 
1.28324e-002 
4.00212e-003 
9.20729e-003 
-6.13866e-003 
-1.83682e-002 
-1.83682e-002 
-9.59017e-003 
-1.97947e-002 
-3.21286e-002 
-2.11189e-002 
-1.05089e-002 
3.05210e-003 
-4.45901e-003 
7.09592e-003 
1.32027e-002 
1.20666e-002 
1.20666e-002 
1.71703e-002 
2.24339e-002 
1.78040e-002 
1.46690e-002 
2.18094e-005 
-5.15347e-004 
-5.15347e-004 
-1.08026e-002 
-6.79507e-003 
3.16001e-002 
4.68718e-002 
4.50215e-002 
2.63613e-002 
2.67608e-002 
4.41317e-002 
5.66017e-002 
6.72407e-002 
5.31010e-002 
4.23008e-002 
2.77672e-002 
8.36743e-003 
6.03926e-003 
2.37350e-002 
4.05764e-002 
4.27545e-002 
4.68905e-002 
4.93589e-002 
4.41788e-002 
3.86453e-002 
1.21520e-002 
2.07199e-003 
-1.33436e-002 
-1.05632e-002 
5.69154e-003 
7.71688e-003 
8.51363e-003 
8.41508e-003 
3.97914e-003 
3.91963e-005 
1.56311e-003 
6.22536e-004 
-6.76494e-003 
-8.43094e-004 
1.45667e-002 
-2.45032e-004 
-2.37025e-003 
1.68213e-002 
-1.73576e-003 
-4.12581e-004 
3.93560e-003 
2.24354e-003 
-2.05355e-002 
-3.33096e-002 
-2.62503e-002 
-1.85425e-002 
-1.03625e-002 
2.52358e-002 
9.74263e-003 
-7.44679e-003 
-8.02544e-003 
2.23636e-003 
-7.71251e-003 
-1.83682e-002 
-1.83682e-002 
-2.20687e-002 
-2.63900e-002 
-3.21286e-002 
-1.92186e-002 
-1.26591e-002 
-1.24024e-002 
-1.24024e-002 
1.01039e-002 
2.70441e-002 
2.70441e-002 
2.89271e-002 
3.50656e-002 
3.66071e-002 
2.02957e-002 
1.25955e-002 
2.63829e-003 
2.01276e-003 
1.07472e-003 
-1.48314e-003 
2.30477e-002 
3.32625e-002 
3.44943e-002 
2.49604e-002 
1.49550e-002 
2.08225e-002 
4.40761e-002 
5.17569e-002 
7.07544e-002 
5.45729e-002 
4.17714e-002 
8.26316e-003 
-8.40795e-003 
-9.35022e-003 
6.03926e-003 
2.58912e-002 
3.48089e-002 
5.06585e-002 
5.21811e-002 
3.93222e-002 
3.99031e-002 
2.41660e-002 
1.06621e-002 
1.22991e-003 
3.32502e-003 
7.71688e-003 
3.83714e-003 
3.29937e-003 
3.83714e-003 
1.28630e-003 
-3.53393e-004 
7.79594e-003 
6.12884e-003 
-6.76494e-003 
-2.68679e-003 
9.98728e-003 
1.47819e-003 
-2.45032e-004 
9.16084e-003 
-9.90943e-003 
-7.47042e-003 
1.67508e-003 
-1.06523e-003 
-1.43911e-002 
-3.35044e-002 
-2.65267e-002 
-1.77539e-002 
-2.98940e-003 
9.74263e-003 
-7.80028e-003 
-1.15725e-002 
-2.12325e-002 
-8.56472e-003 
-1.39792e-002 
-9.66428e-003 
-1.39554e-002 
-1.87496e-002 
-2.60522e-002 
-2.67966e-002 
-1.10294e-002 
-1.20183e-002 
-2.58665e-002 
-3.63200e-002 
-6.29826e-003 
2.21473e-002 
2.74601e-002 
3.26521e-002 
4.71387e-002 
2.77783e-002 
2.56614e-002 
1.25955e-002 
1.46690e-002 
2.05957e-002 
1.93840e-002 
1.54627e-002 
3.62611e-002 
3.62611e-002 
1.46465e-002 
4.30836e-003 
9.35733e-003 
1.78770e-002 
2.20930e-002 
4.04805e-002 
6.31341e-002 
5.23829e-002 
2.60918e-002 
1.03290e-002 
-6.97092e-004 
-1.56860e-002 
1.31739e-002 
1.98003e-002 
2.29821e-002 
5.06585e-002 
4.97395e-002 
4.19000e-002 
4.28068e-002 
2.64706e-002 
1.11358e-002 
-1.48697e-003 
5.32987e-003 
5.70477e-005 
-1.06706e-002 
-1.47682e-002 
-5.78867e-003 
-9.02322e-003 
-1.84571e-002 
-7.95032e-003 
-1.11167e-003 
-9.27857e-003 
-3.53181e-003 
1.01504e-002 
3.99808e-003 
6.49505e-003 
4.79705e-004 
-2.22186e-002 
-1.39064e-002 
0.00000e+000 
-5.34128e-003 
-7.25342e-003 
-2.81930e-002 
-3.81869e-002 
-1.87372e-002 
-9.40933e-005 
1.34057e-002 
-7.92978e-003 
-7.92978e-003 
-8.83552e-003 
-6.01817e-003 
-6.05866e-003 
-1.53269e-002 
-1.57996e-002 
-3.06674e-003 
-7.01444e-003 
-1.08824e-002 
-6.53877e-003 
-1.28477e-002 
-2.58665e-002 
-3.34355e-002 
-2.02712e-002 
1.73486e-002 
2.61977e-002 
2.75140e-002 
3.35595e-002 
2.98839e-002 
2.86738e-002 
1.25808e-002 
2.56843e-002 
1.70946e-002 
8.29180e-003 
1.70184e-002 
3.32625e-002 
2.74377e-002 
5.01605e-003 
-4.02868e-004 
1.21090e-002 
1.24889e-002 
9.78554e-003 
1.26858e-002 
5.45729e-002 
6.31533e-002 
5.33187e-002 
5.33619e-002 
2.47577e-002 
-9.30876e-003 
-3.91963e-003 
9.22276e-003 
1.42427e-002 
2.93031e-002 
3.86860e-002 
3.14336e-002 
3.14336e-002 
2.69841e-002 
1.11358e-002 
3.57128e-004 
-2.24818e-003 
-6.77373e-003 
-1.81666e-002 
-2.47082e-002 
-2.22254e-002 
-2.15195e-002 
-2.22254e-002 
-9.53026e-003 
-5.63088e-003 
-5.98071e-003 
-2.55755e-003 
0.00000e+000 
-3.53181e-003 
2.06210e-003 
-2.19374e-003 
-1.80019e-002 
-1.13962e-002 
-4.85471e-003 
-4.56866e-003 
-4.65862e-004 
-2.23203e-002 
-2.74548e-002 
-1.09940e-002 
1.44043e-002 
2.83431e-002 
-3.48657e-003 
-5.49505e-003 
-3.62995e-003 
5.21567e-003 
-5.88229e-003 
-2.19659e-002 
-2.51954e-002 
-4.09319e-003 
-3.94962e-003 
-6.43770e-003 
-6.53877e-003 
-1.28441e-002 
-1.74537e-002 
-2.15981e-002 
9.66791e-003 
2.29413e-002 
2.29413e-002 
2.50131e-002 
3.78228e-002 
4.08769e-002 
3.78228e-002 
3.22042e-002 
3.22042e-002 
-1.58451e-003 
-1.80508e-003 
6.35561e-003 
2.44181e-002 
2.44181e-002 
1.27609e-002 
1.36924e-002 
1.62836e-002 
9.61702e-003 
9.61702e-003 
1.01448e-002 
2.78489e-002 
5.14187e-002 
4.88954e-002 
5.41438e-002 
4.41550e-002 
9.22276e-003 
-3.91963e-003 
9.52009e-003 
3.30076e-002 
5.96736e-002 
3.86860e-002 
2.20892e-002 
2.46880e-002 
1.20012e-002 
-4.01424e-003 
2.40057e-003 
1.54675e-003 
-2.47678e-004 
-1.27699e-002 
-2.47503e-002 
-1.92792e-002 
-1.95791e-002 
-1.47226e-002 
-9.23657e-003 
-1.21934e-002 
-8.48697e-003 
-9.02542e-004 
7.90296e-003 
9.98122e-003 
5.90933e-003 
-1.94438e-002 
-1.03553e-002 
-2.81270e-003 
1.64994e-003 
2.32351e-003 
5.70880e-003 
-4.65862e-004 
1.10895e-002 
1.59095e-002 
3.00836e-002 
3.36184e-002 
2.04463e-003 
-4.77383e-004 
1.18049e-002 
3.09874e-002 
1.91222e-002 
-2.48521e-002 
-4.43538e-002 
-2.05685e-002 
-9.90943e-003 
1.66751e-003 
-8.75907e-003 
-6.53877e-003 
3.79387e-003 
7.46674e-003 
1.54781e-002 
1.54392e-002 
2.19672e-002 
2.75140e-002 
2.75140e-002 
4.08769e-002 
4.75915e-002 
4.04463e-002 
3.55210e-002 
9.91478e-003 
1.21436e-003 
-2.64388e-003 
5.34502e-003 
5.47011e-003 
1.27609e-002 
2.38155e-002 
1.34712e-002 
1.07489e-002 
1.33078e-002 
1.98464e-002 
3.31788e-002 
4.62833e-002 
4.39428e-002 
5.63354e-002 
5.45143e-002 
3.19487e-002 
2.09592e-002 
2.09592e-002 
4.02982e-002 
6.05230e-002 
5.48913e-002 
2.90466e-002 
2.57200e-002 
-6.24192e-003 
-2.39932e-002 
-1.62820e-002 
-1.11965e-002 
-1.45265e-003 
-8.91458e-004 
-1.17822e-002 
-1.04812e-002 
-1.59941e-002 
-1.23066e-002 
-1.23066e-002 
-1.92531e-002 
-2.16859e-002 
-1.21934e-002 
-1.02837e-003 
6.63267e-003 
2.20812e-003 
-1.03553e-002 
-3.72971e-004 
5.28618e-003 
1.00282e-002 
8.18316e-003 
1.37420e-002 
1.03080e-002 
1.94425e-002 
1.61331e-002 
3.32628e-002 
4.78132e-002 
4.78911e-002 
2.51135e-002 
3.09874e-002 
5.42155e-002 
5.42155e-002 
-1.50180e-002 
-3.22536e-002 
-1.20071e-002 
-3.26333e-004 
2.80105e-002 
-1.94416e-003 
2.21337e-002 
3.03011e-002 
3.05948e-002 
3.03776e-002 
9.34054e-003 
7.33875e-003 
7.44548e-003 
6.41988e-003 
7.90771e-003 
1.69760e-002 
2.88618e-002 
4.37116e-002 
4.37001e-002 
2.66037e-002 
-1.29674e-003 
-3.16327e-004 
7.78938e-003 
1.12038e-002 
1.78734e-002 
6.48536e-003 
-2.41307e-003 
3.65691e-003 
1.82017e-002 
3.48059e-002 
5.46385e-002 
4.82537e-002 
5.72880e-002 
5.49033e-002 
4.27625e-002 
2.05275e-002 
1.26715e-002 
1.43704e-002 
2.73849e-002 
5.30334e-002 
4.76034e-002 
3.69683e-002 
3.84350e-003 
-3.84764e-002 
-3.67751e-002 
-2.86349e-002 
-1.11965e-002 
2.01565e-003 
-1.76313e-003 
-9.97668e-003 
-1.33471e-002 
-1.15928e-002 
-8.00907e-003 
-1.86307e-002 
-2.93019e-002 
-2.44786e-002 
-1.59275e-002 
-3.99566e-003 
2.88489e-003 
-9.70355e-003 
3.91832e-003 
1.35784e-002 
2.60605e-002 
2.30659e-002 
1.84481e-002 
1.54942e-002 
1.95495e-002 
1.02012e-002 
2.41361e-002 
4.36314e-002 
4.78911e-002 
3.22737e-002 
4.18155e-002 
6.76474e-002 
6.04900e-002 
3.24334e-003 
-9.69305e-004 
1.51913e-002 
2.77790e-002 
3.15208e-002 
2.08592e-002 
3.05948e-002 
4.26197e-002 
4.53408e-002 
3.16830e-002 
1.19193e-002 
2.25555e-003 
-9.06836e-003 
-1.23044e-003 
-4.49553e-003 
-4.63086e-003 
2.10690e-002 
4.37116e-002 
4.37116e-002 
3.22253e-002 
-1.29674e-003 
1.60935e-003 
3.66251e-002 
3.88308e-002 
3.55748e-002 
1.37624e-002 
-3.74152e-003 
-2.27807e-003 
2.31526e-002 
2.81536e-002 
6.17427e-002 
4.63489e-002 
5.93540e-002 
6.22092e-002 
3.28714e-002 
1.46468e-002 
6.72154e-003 
-5.89954e-003 
8.58745e-004 
2.28393e-002 
5.78372e-002 
5.30331e-002 
3.43255e-002 
-3.10072e-002 
-3.36433e-002 
-3.32805e-002 
-9.56926e-003 
2.61309e-003 
1.72177e-003 
-1.03372e-003 
-8.04897e-003 
-8.00907e-003 
-4.08431e-003 
-6.63797e-003 
-2.43466e-002 
-2.57504e-002 
-2.08427e-002 
-7.50848e-003 
2.39762e-003 
4.10844e-003 
6.58936e-003 
1.50062e-002 
3.01438e-002 
3.74797e-002 
3.29666e-002 
2.68829e-002 
2.67911e-002 
1.37113e-002 
4.56815e-003 
-1.67134e-003 
4.36975e-003 
9.76898e-003 
2.66100e-002 
6.56525e-002 
4.91354e-002 
1.51913e-002 
0.00000e+000 
2.11114e-002 
3.59129e-002 
2.42965e-002 
2.08592e-002 
5.06280e-002 
6.51131e-002 
3.79355e-002 
1.19193e-002 
1.24980e-002 
7.33875e-003 
-6.46325e-003 
-3.40105e-003 
-3.40105e-003 
-4.29978e-003 
2.52830e-002 
3.29386e-002 
3.22253e-002 
2.52286e-002 
1.27986e-002 
1.92138e-002 
5.73122e-002 
6.29120e-002 
6.11191e-002 
3.79721e-002 
6.94851e-003 
4.43792e-003 
1.18805e-002 
1.48050e-002 
4.63766e-002 
3.99691e-002 
5.03548e-002 
6.09103e-002 
2.01231e-002 
1.83653e-003 
3.50020e-003 
2.62489e-003 
-3.25818e-003 
5.45325e-003 
2.69578e-002 
3.84446e-002 
3.43255e-002 
1.60996e-002 
-2.47463e-002 
-3.81210e-002 
-1.25030e-002 
-3.52464e-003 
-8.66317e-004 
6.03211e-003 
8.32815e-004 
3.74712e-003 
2.46731e-002 
2.06643e-002 
-5.80298e-003 
-9.09067e-003 
-6.10814e-003 
-5.90216e-003 
-3.32229e-003 
2.17021e-002 
1.00852e-002 
2.34164e-002 
2.97140e-002 
3.80466e-002 
3.74797e-002 
2.63959e-002 
2.30672e-002 
1.37113e-002 
1.42367e-003 
-1.85352e-002 
-1.33340e-003 
3.67704e-003 
2.13810e-002 
4.64045e-002 
3.34230e-002 
2.12808e-002 
-3.50969e-003 
8.55614e-003 
2.46375e-002 
1.59913e-002 
1.61545e-002 
5.59431e-002 
6.20939e-002 
2.62141e-002 
1.36599e-002 
2.04281e-002 
2.16386e-002 
1.14017e-002 
1.15408e-002 
1.23506e-002 
1.23506e-002 
2.68261e-002 
3.10783e-002 
3.00357e-002 
2.65293e-002 
1.62739e-002 
3.03212e-002 
5.22506e-002 
5.67077e-002 
4.14459e-002 
3.64751e-002 
1.71430e-002 
4.43792e-003 
9.33532e-003 
1.57536e-002 
4.07886e-002 
3.26307e-002 
3.84071e-002 
4.39693e-002 
2.20132e-002 
1.00212e-003 
2.62489e-003 
2.62489e-003 
-7.31271e-003 
-4.18834e-003 
1.50570e-002 
2.23812e-002 
3.58411e-002 
2.31603e-002 
-2.23378e-002 
-5.20883e-002 
-3.00065e-002 
-1.67882e-002 
-1.55271e-002 
-8.89651e-003 
-7.93215e-003 
1.23854e-002 
2.95311e-002 
3.14472e-002 
1.09964e-002 
6.13409e-004 
3.09653e-003 
-3.14974e-003 
-8.81396e-003 
2.91741e-002 
1.66185e-002 
2.34164e-002 
3.20725e-002 
4.84217e-002 
4.25883e-002 
1.62778e-002 
1.95511e-002 
1.33413e-002 
-7.25252e-004 
-1.25192e-002 
7.43437e-004 
7.03908e-003 
4.01746e-002 
3.93082e-002 
1.98980e-002 
1.27089e-002 
-1.90929e-002 
8.29109e-004 
1.14146e-003 
1.15505e-002 
1.50117e-002 
3.78191e-002 
4.29099e-002 
1.28143e-002 
1.28143e-002 
1.27728e-002 
1.73418e-002 
1.24791e-002 
1.71291e-002 
2.61223e-002 
2.07695e-002 
3.10783e-002 
3.30858e-002 
3.33272e-002 
3.14830e-002 
2.14312e-002 
2.57477e-002 
3.05773e-002 
3.10491e-002 
2.14932e-002 
2.17976e-002 
2.18841e-002 
1.01674e-002 
1.57536e-002 
3.55062e-002 
4.07886e-002 
2.52173e-002 
2.10915e-002 
2.99353e-002 
1.69043e-002 
5.76569e-003 
1.18647e-002 
2.42236e-002 
6.50790e-003 
4.70454e-003 
3.31381e-003 
1.73468e-002 
3.39228e-002 
1.90105e-002 
-1.73953e-002 
-4.47738e-002 
-3.09013e-002 
-2.49838e-002 
-2.17619e-002 
-1.80364e-002 
-8.26838e-003 
2.10796e-002 
3.23819e-002 
2.65140e-002 
9.43821e-003 
6.13409e-004 
-3.21294e-003 
-1.55095e-002 
-1.57201e-002 
2.70848e-002 
2.09443e-002 
1.99352e-002 
2.29242e-002 
2.57052e-002 
2.42225e-002 
1.18010e-002 
1.43248e-002 
1.03193e-002 
-8.36834e-003 
-5.37066e-003 
6.47718e-003 
3.30462e-002 
5.55472e-002 
2.04763e-002 
6.18932e-003 
-3.83724e-003 
6.51252e-003 
1.23121e-002 
9.91666e-003 
3.07657e-002 
3.29580e-002 
3.20891e-002 
1.30082e-002 
4.48930e-003 
9.51141e-003 
4.42761e-003 
2.24031e-003 
-3.11490e-004 
1.82421e-002 
2.34372e-002 
2.58102e-002 
2.83926e-002 
3.30858e-002 
3.14830e-002 
2.03592e-002 
2.03592e-002 
2.03592e-002 
1.65105e-002 
1.27336e-002 
1.41808e-002 
1.84186e-002 
1.65873e-002 
1.13812e-002 
1.97105e-002 
2.51903e-002 
1.90830e-002 
8.83986e-003 
9.51118e-003 
1.69043e-002 
1.95225e-002 
2.02119e-002 
4.08999e-002 
4.20457e-002 
1.31111e-002 
9.43442e-003 
4.34168e-003 
1.73468e-002 
3.97435e-002 
3.19124e-002 
-1.64409e-002 
-3.28662e-002 
-2.00530e-002 
-1.87866e-002 
-1.82899e-002 
-1.81633e-002 
1.08239e-004 
1.92363e-002 
2.78923e-002 
1.72209e-002 
2.71971e-003 
-3.21294e-003 
-1.18011e-002 
-2.30259e-002 
-2.58269e-002 
2.70848e-002 
3.16347e-002 
2.45779e-002 
2.08157e-002 
1.90705e-002 
1.62766e-002 
1.13276e-002 
1.13276e-002 
1.18952e-003 
-4.72213e-003 
2.81524e-002 
4.41282e-002 
5.50649e-002 
5.50649e-002 
1.83468e-002 
-1.23998e-002 
-8.76414e-003 
1.62126e-002 
2.39269e-002 
2.84054e-002 
1.40257e-002 
2.11701e-002 
1.86064e-002 
5.61632e-003 
1.20022e-003 
1.34786e-003 
-5.78312e-003 
-1.10524e-002 
-1.15319e-002 
1.82421e-002 
2.17460e-002 
2.66176e-002 
2.47631e-002 
2.51689e-002 
2.30297e-002 
1.01720e-002 
1.91069e-002 
1.60959e-002 
6.27501e-003 
1.02425e-002 
3.00878e-002 
2.12116e-002 
4.11763e-003 
-3.74414e-004 
-3.74414e-004 
9.52443e-003 
1.72334e-003 
-7.80089e-003 
3.28938e-003 
1.14578e-002 
1.14578e-002 
1.88270e-002 
3.57502e-002 
2.83708e-002 
1.18616e-002 
1.03183e-002 
1.38998e-002 
3.33637e-002 
6.78625e-002 
3.19124e-002 
-1.30528e-002 
-2.00530e-002 
-1.78805e-002 
-1.64816e-002 
-9.27737e-003 
-1.11862e-002 
0.00000e+000 
1.23218e-002 
1.55728e-002 
5.00664e-003 
-1.48920e-003 
-1.03097e-002 
-1.96067e-002 
-2.87998e-002 
-3.06032e-002 
2.13173e-002 
2.69864e-002 
2.34628e-002 
2.34628e-002 
2.65078e-002 
2.06327e-002 
1.14064e-002 
7.94770e-003 
7.43639e-003 
1.12621e-002 
3.38803e-002 
5.56156e-002 
5.56156e-002 
3.91549e-002 
1.03756e-002 
-1.23998e-002 
-5.58240e-003 
6.51252e-003 
1.35719e-002 
1.89903e-002 
-4.45063e-003 
8.89025e-003 
1.02801e-002 
1.20022e-003 
-1.63620e-003 
5.38873e-003 
-8.48677e-003 
-1.35313e-002 
-5.68710e-003 
2.07549e-002 
2.80113e-002 
3.02082e-002 
2.80572e-002 
2.97131e-002 
2.76584e-002 
1.59023e-002 
1.44209e-002 
5.13914e-003 
-9.81179e-003 
8.11373e-003 
3.01116e-002 
2.11940e-002 
4.79392e-003 
-4.95790e-003 
-8.24808e-003 
-4.35107e-003 
-1.91095e-002 
-3.32372e-002 
-6.88792e-003 
1.14578e-002 
1.64186e-002 
2.90454e-002 
3.10020e-002 
2.54835e-002 
1.30926e-002 
1.30926e-002 
2.97223e-002 
6.12843e-002 
7.18694e-002 
3.08710e-002 
-1.15675e-002 
-1.78805e-002 
-1.98750e-002 
-1.09591e-002 
-1.20521e-002 
-1.72471e-002 
-4.24562e-003 
2.41710e-003 
4.43679e-003 
4.12783e-003 
-7.85844e-004 
-1.40800e-002 
-1.95331e-002 
-2.14845e-002 
-2.67525e-002 
2.42085e-002 
2.86888e-002 
2.34628e-002 
2.34628e-002 
3.97762e-002 
2.15281e-002 
1.10160e-002 
2.12672e-003 
1.23721e-002 
2.74697e-002 
4.92165e-002 
6.71763e-002 
5.68729e-002 
2.56830e-002 
8.00701e-003 
1.77777e-003 
2.89004e-003 
3.19548e-003 
-2.07739e-003 
1.24665e-002 
-8.18800e-003 
-3.84461e-003 
-2.41014e-003 
0.00000e+000 
1.20022e-003 
3.54461e-002 
2.39587e-002 
8.61712e-003 
1.47193e-003 
1.14758e-002 
2.44641e-002 
2.83487e-002 
2.97131e-002 
3.96292e-002 
4.04192e-002 
3.74838e-002 
1.86849e-002 
0.00000e+000 
-1.37078e-002 
-2.46486e-003 
1.44854e-002 
9.62025e-003 
9.62025e-003 
1.57068e-002 
9.38712e-004 
-1.40580e-002 
-2.15961e-002 
-2.52817e-002 
-7.37761e-003 
1.31206e-002 
2.09259e-002 
2.64404e-002 
2.45992e-002 
2.64822e-002 
2.45992e-002 
3.16912e-002 
3.46172e-002 
4.79049e-002 
6.24505e-002 
4.16845e-002 
-7.72789e-003 
-1.79497e-002 
-2.41466e-002 
-1.74001e-002 
-2.68567e-002 
-2.94033e-002 
-1.97150e-002 
-5.50899e-003 
4.06028e-003 
5.67791e-003 
2.43508e-003 
-1.73793e-002 
-2.13764e-002 
-2.07608e-002 
-1.92827e-002 
3.49580e-002 
2.86888e-002 
1.88853e-002 
1.53317e-002 
3.24879e-002 
2.07230e-002 
4.13520e-003 
-1.07167e-002 
1.58269e-003 
3.73661e-002 
4.69396e-002 
3.43063e-002 
2.82936e-002 
2.18707e-002 
1.75244e-002 
2.18707e-002 
7.86490e-003 
1.77342e-003 
1.09179e-002 
2.04746e-002 
9.64407e-003 
-9.10137e-003 
-2.28141e-002 
-1.77120e-003 
3.58141e-003 
1.68385e-002 
2.39587e-002 
1.84556e-002 
1.53411e-002 
4.02363e-003 
1.57387e-002 
2.83466e-002 
2.78191e-002 
3.96292e-002 
4.32107e-002 
4.45679e-002 
3.39439e-002 
2.13752e-003 
-8.81745e-003 
-7.82805e-003 
1.52090e-003 
2.00868e-002 
2.48869e-002 
3.66839e-002 
3.10284e-002 
1.30279e-002 
4.63399e-003 
-6.46314e-003 
1.79079e-003 
2.24960e-003 
1.49031e-002 
1.28221e-002 
6.12591e-003 
2.82754e-002 
3.83079e-002 
3.16912e-002 
3.40862e-002 
4.49916e-002 
4.17917e-002 
3.24170e-002 
8.30674e-004 
-1.97721e-002 
-2.64678e-002 
-1.97721e-002 
-2.63358e-002 
-1.86533e-002 
-1.69447e-002 
0.00000e+000 
1.20854e-002 
5.40186e-003 
9.07411e-004 
-1.74374e-002 
-2.47281e-002 
-1.74264e-002 
-1.23744e-002 
2.95891e-002 
2.79763e-002 
1.32221e-002 
1.53317e-002 
1.03923e-002 
1.03923e-002 
1.03866e-002 
3.05574e-003 
6.16721e-003 
3.22863e-002 
3.26407e-002 
7.89257e-003 
2.78936e-002 
2.36922e-002 
1.75244e-002 
2.61694e-002 
1.56191e-002 
-1.88629e-003 
1.13457e-002 
1.57673e-002 
9.92498e-003 
-1.04520e-002 
-2.12059e-002 
7.58502e-003 
5.04581e-003 
-1.37237e-003 
1.25351e-002 
2.34666e-002 
2.34104e-002 
2.88085e-003 
4.38984e-003 
2.12713e-002 
2.42715e-002 
3.29594e-002 
4.04192e-002 
4.17909e-002 
2.03538e-002 
7.34501e-003 
-7.39297e-004 
1.13742e-003 
1.13742e-003 
2.23437e-002 
4.01909e-002 
4.57563e-002 
3.32462e-002 
2.66295e-002 
3.58790e-002 
2.17827e-002 
1.10168e-002 
3.71787e-003 
1.19297e-002 
1.38409e-002 
5.73102e-003 
1.10629e-002 
2.19447e-002 
7.86551e-003 
2.66884e-002 
3.82455e-002 
2.75649e-002 
2.71244e-002 
1.09633e-002 
-1.74649e-002 
-2.64678e-002 
-1.09686e-002 
1.92791e-003 
7.12500e-003 
0.00000e+000 
1.32416e-002 
2.05105e-002 
5.40186e-003 
-9.43687e-003 
-2.47281e-002 
-2.59111e-002 
-1.84917e-002 
-8.44204e-003 
3.28756e-003 
2.91040e-002 
2.31054e-002 
1.70697e-002 
8.41317e-003 
2.83455e-002 
3.84503e-002 
2.23717e-002 
1.74144e-002 
2.09879e-002 
9.81422e-004 
7.89387e-003 
2.32563e-002 
2.36922e-002 
1.75400e-002 
3.03268e-002 
1.27659e-002 
-1.88629e-003 
-4.12150e-003 
-4.12150e-003 
8.30089e-003 
-3.46153e-003 
1.26792e-002 
3.26682e-002 
7.81694e-003 
-1.23577e-002 
4.09875e-003 
2.34104e-002 
2.81399e-002 
1.00977e-002 
1.00977e-002 
7.63934e-003 
7.63934e-003 
1.69200e-002 
1.69200e-002 
2.24259e-002 
8.53615e-003 
1.28259e-002 
1.71239e-002 
1.71239e-002 
8.42922e-003 
2.00868e-002 
3.24054e-002 
2.86162e-002 
2.88710e-002 
3.04268e-002 
3.79584e-002 
1.44542e-002 
8.11086e-003 
8.11086e-003 
1.22208e-002 
5.78990e-003 
-5.17973e-004 
4.07239e-004 
1.31300e-002 
1.09119e-002 
2.26299e-002 
3.20929e-002 
3.20886e-002 
3.34818e-002 
3.56784e-002 
-6.56401e-003 
-1.15774e-002 
1.22334e-003 
1.32370e-002 
1.09468e-002 
0.00000e+000 
1.13837e-002 
1.90042e-002 
8.34390e-003 
-7.71375e-004 
-1.48806e-002 
-1.48806e-002 
-8.44204e-003 
-2.37722e-003 
-1.71998e-002 
1.67510e-002 
3.04212e-002 
1.67510e-002 
8.41317e-003 
9.07196e-003 
2.55735e-002 
1.20738e-002 
1.20315e-002 
-5.66320e-003 
-6.58926e-003 
5.30594e-003 
3.70908e-002 
3.64073e-002 
3.06118e-002 
3.22293e-002 
1.22079e-002 
-9.46557e-003 
-1.05077e-002 
-3.78272e-003 
7.14964e-003 
1.62025e-003 
1.62573e-002 
3.47513e-002 
2.36248e-002 
-3.54789e-003 
2.89560e-003 
2.36711e-002 
2.81399e-002 
1.57823e-002 
2.07348e-002 
7.56795e-003 
1.99687e-003 
1.99687e-003 
8.91256e-003 
1.24457e-002 
1.48497e-002 
2.54293e-002 
2.99647e-002 
2.14491e-002 
7.40751e-003 
5.40953e-003 
2.24935e-002 
2.79031e-002 
3.63803e-002 
3.22556e-002 
2.71481e-002 
1.31369e-002 
1.49265e-002 
1.53231e-002 
1.19297e-002 
-7.75697e-003 
-1.07776e-002 
5.10804e-004 
1.59552e-002 
2.98495e-002 
3.63108e-002 
3.20929e-002 
3.33417e-002 
3.92840e-002 
5.60604e-002 
3.58735e-002 
0.00000e+000 
-5.23930e-004 
1.32370e-002 
1.01100e-002 
-4.54665e-004 
1.10582e-002 
2.42296e-002 
2.25300e-002 
1.56748e-002 
-1.94164e-004 
-3.95178e-003 
1.12842e-002 
2.01549e-002 
-1.65635e-002 
-9.82108e-003 
-2.87460e-003 
-1.12239e-002 
-2.32331e-002 
-2.81644e-002 
-1.81131e-002 
8.05129e-004 
7.48657e-003 
-2.08199e-003 
-6.11965e-003 
-2.05871e-003 
3.47053e-002 
3.52060e-002 
2.97574e-002 
2.17327e-002 
8.06341e-004 
-2.20679e-003 
5.62056e-003 
1.84208e-002 
1.52290e-002 
3.27252e-003 
1.62573e-002 
2.41673e-002 
2.58081e-002 
4.01414e-003 
1.09471e-002 
2.82869e-002 
2.83426e-002 
2.12580e-002 
2.00456e-002 
-2.55816e-003 
-8.50030e-003 
-5.71789e-004 
1.04593e-002 
1.88003e-002 
4.07003e-002 
4.07003e-002 
4.32320e-002 
2.00949e-002 
-1.02104e-002 
-9.08138e-003 
1.59320e-002 
2.79031e-002 
2.51859e-002 
3.63300e-002 
2.55339e-002 
1.05325e-002 
1.49265e-002 
1.82184e-002 
1.25877e-002 
2.92145e-003 
5.10804e-004 
1.43800e-002 
2.50626e-002 
3.48786e-002 
4.48598e-002 
3.88500e-002 
3.30729e-002 
3.38790e-002 
5.91264e-002 
5.96019e-002 
1.24061e-002 
-7.43841e-004 
8.62096e-003 
1.15571e-002 
1.24795e-002 
1.68666e-002 
2.90849e-002 
2.26745e-002 
2.19700e-002 
6.35400e-003 
-3.95178e-003 
8.82348e-003 
2.01549e-002 
-8.60057e-004 
-1.55596e-002 
-1.52225e-002 
-1.86097e-002 
-2.34208e-002 
-2.74388e-002 
-2.46375e-003 
2.95236e-002 
3.78313e-002 
6.48734e-003 
-6.39984e-003 
-5.53650e-003 
9.26451e-003 
5.62904e-003 
7.55977e-003 
3.74192e-003 
3.74192e-003 
3.01367e-002 
3.26130e-002 
3.63722e-002 
2.26404e-002 
7.72583e-003 
1.89816e-002 
1.90471e-002 
1.48130e-002 
1.09604e-002 
1.48130e-002 
3.97485e-002 
3.17394e-002 
2.83426e-002 
1.35872e-002 
-6.00674e-003 
-3.25824e-002 
-4.14984e-003 
2.10886e-002 
2.80317e-002 
3.98506e-002 
3.62032e-002 
4.32187e-002 
1.85641e-002 
-4.83787e-003 
-4.12025e-003 
1.95582e-002 
3.94083e-002 
2.85208e-002 
3.94083e-002 
9.47668e-003 
-3.05735e-004 
5.45406e-003 
1.53231e-002 
1.28473e-002 
1.50683e-002 
1.16519e-002 
2.76870e-002 
3.48288e-002 
2.55477e-002 
3.62328e-002 
4.64991e-002 
3.41617e-002 
2.64101e-002 
4.53579e-002 
6.83745e-002 
1.79089e-002 
2.15489e-003 
1.43735e-002 
2.90363e-002 
3.48647e-002 
2.88963e-002 
1.68666e-002 
1.47213e-003 
4.14853e-003 
-4.13005e-004 
-1.71214e-003 
1.01358e-002 
1.01358e-002 
1.45591e-002 
4.70517e-003 
-2.87460e-003 
-1.52225e-002 
-1.13563e-002 
-1.47516e-004 
2.47163e-002 
4.35103e-002 
3.78792e-002 
5.72345e-003 
-8.76828e-003 
-9.48152e-003 
-1.11829e-002 
-5.48213e-003 
-2.96032e-003 
7.68738e-003 
1.03711e-002 
3.48969e-002 
4.10703e-002 
2.69619e-002 
2.31436e-002 
1.69595e-002 
2.53815e-002 
1.50226e-002 
1.45236e-002 
1.45769e-002 
1.16815e-002 
3.58710e-002 
2.83775e-002 
2.37929e-002 
1.20109e-002 
4.43336e-003 
-7.71739e-003 
1.53675e-003 
3.20566e-002 
3.94124e-002 
3.00138e-002 
3.00138e-002 
3.55183e-002 
1.85641e-002 
6.87530e-003 
1.14118e-002 
2.95840e-002 
4.54130e-002 
2.91084e-002 
3.05180e-002 
8.80907e-003 
-5.14742e-004 
-3.28150e-004 
1.50683e-002 
1.50683e-002 
2.03382e-002 
1.68985e-002 
4.07553e-002 
6.03183e-002 
4.98748e-002 
4.52535e-002 
5.10566e-002 
5.02181e-002 
4.09560e-002 
6.21669e-002 
6.30624e-002 
1.25853e-002 
8.13237e-003 
2.70106e-002 
4.57160e-002 
3.79243e-002 
1.52562e-002 
-7.41852e-003 
-1.42977e-002 
-3.19588e-003 
9.37298e-003 
8.22506e-003 
-4.59582e-004 
-6.42740e-003 
1.63076e-002 
2.07362e-002 
4.56439e-003 
-1.26075e-002 
-1.24958e-002 
-3.76504e-004 
1.87040e-002 
3.05977e-002 
2.97164e-002 
3.05624e-003 
-8.76828e-003 
-9.48152e-003 
-1.21673e-002 
-7.25747e-003 
-4.36935e-003 
9.14913e-003 
3.03388e-002 
4.05553e-002 
3.76933e-002 
1.98309e-002 
2.70275e-002 
2.15722e-002 
1.14140e-002 
1.51037e-003 
6.20891e-003 
9.85915e-003 
-9.72809e-004 
-9.33648e-003 
-4.61702e-003 
-2.91538e-003 
6.78887e-003 
1.80464e-002 
1.53174e-002 
1.07647e-002 
2.05154e-002 
2.84521e-002 
3.00138e-002 
4.63311e-002 
3.97641e-002 
3.34511e-002 
1.79482e-002 
2.74041e-002 
3.03755e-002 
2.59042e-002 
2.11808e-002 
2.14257e-002 
2.44793e-002 
1.03087e-002 
7.10169e-003 
2.41680e-002 
2.18992e-002 
2.03382e-002 
1.84700e-002 
3.26822e-002 
5.01272e-002 
5.49162e-002 
5.43165e-002 
5.60729e-002 
6.50273e-002 
6.24081e-002 
6.24081e-002 
5.37108e-002 
3.36031e-002 
2.31137e-002 
6.89341e-002 
6.60035e-002 
9.49379e-003 
-3.81280e-003 
-1.84229e-002 
-1.61753e-002 
6.70174e-003 
1.87131e-002 
1.28782e-002 
-1.13220e-002 
-8.31937e-003 
1.09654e-002 
1.62485e-002 
4.89913e-003 
-7.23253e-003 
-9.65016e-003 
-1.20190e-002 
-5.36753e-004 
1.18819e-002 
3.05977e-002 
8.87197e-004 
-4.68800e-003 
-1.18267e-002 
-1.65080e-002 
-9.46163e-003 
-5.00767e-003 
6.75262e-003 
3.21678e-002 
3.65210e-002 
3.49630e-002 
1.72789e-002 
2.53666e-002 
1.03643e-002 
-1.50363e-003 
-1.78170e-004 
-3.16485e-003 
3.33676e-003 
-9.13520e-003 
-1.35843e-002 
-1.24343e-002 
-8.33007e-003 
1.97595e-002 
3.72218e-002 
1.60394e-002 
1.49243e-003 
9.94275e-003 
1.52443e-002 
2.81104e-002 
5.09270e-002 
4.89833e-002 
5.24739e-002 
3.18403e-002 
2.97557e-002 
2.13754e-002 
8.08249e-003 
-7.39257e-003 
1.05296e-002 
3.69301e-002 
3.53448e-002 
5.46518e-002 
5.58989e-002 
5.15155e-002 
3.32084e-002 
2.68498e-002 
3.58950e-002 
4.13979e-002 
5.48677e-002 
5.36718e-002 
6.26222e-002 
8.67569e-002 
7.60319e-002 
6.87972e-002 
5.79137e-002 
5.19724e-002 
5.31790e-002 
8.36509e-002 
6.89341e-002 
-1.98405e-004 
-1.08108e-002 
-2.09710e-002 
-1.34552e-002 
1.14903e-002 
2.38076e-002 
2.38076e-002 
1.08561e-002 
3.16871e-003 
3.30967e-003 
6.06323e-003 
5.04382e-003 
-5.29431e-003 
-5.29431e-003 
-8.11359e-003 
-1.49445e-003 
1.00969e-002 
3.80522e-002 
1.47400e-002 
-3.68013e-003 
-1.61092e-002 
-2.08583e-002 
-2.04031e-002 
-3.56068e-003 
8.33356e-003 
1.62374e-002 
1.72258e-002 
1.53926e-002 
1.23888e-002 
1.18587e-002 
1.03643e-002 
5.64519e-004 
4.38106e-003 
1.40527e-002 
2.42862e-002 
2.97053e-002 
1.17968e-002 
-1.61066e-002 
-1.35843e-002 
3.81002e-002 
3.64347e-002 
-9.67892e-003 
-1.40868e-002 
-1.76571e-003 
9.94275e-003 
1.70717e-002 
3.29679e-002 
3.17861e-002 
3.36848e-002 
2.81971e-002 
2.30362e-002 
1.33987e-002 
3.13277e-003 
-8.45638e-003 
7.75540e-003 
3.69301e-002 
5.54971e-002 
6.59578e-002 
6.25321e-002 
5.23933e-002 
5.96032e-002 
5.80149e-002 
5.71259e-002 
5.64544e-002 
5.86283e-002 
6.26222e-002 
7.77267e-002 
9.07093e-002 
9.00373e-002 
9.18645e-002 
8.96890e-002 
6.21405e-002 
6.81897e-002 
8.36509e-002 
6.33662e-002 
5.22546e-004 
-1.68645e-002 
-3.06221e-002 
-1.34388e-002 
1.29207e-002 
3.52746e-002 
4.50222e-002 
4.34545e-002 
2.36973e-002 
-1.60248e-004 
4.57956e-003 
-1.76588e-003 
-3.12974e-002 
-2.42090e-002 
-9.65016e-003 
1.93611e-003 
1.00969e-002 
4.05621e-002 
4.63028e-002 
6.01030e-003 
-2.24154e-002 
-2.08583e-002 
-8.38003e-003 
-3.39126e-003 
2.66700e-003 
1.04898e-003 
-4.97678e-004 
-6.27443e-003 
1.23888e-002 
1.19759e-002 
1.49212e-002 
2.03150e-003 
1.40527e-002 
2.60274e-002 
4.57296e-002 
5.63035e-002 
3.68229e-002 
-1.37244e-002 
1.29453e-003 
5.11519e-002 
4.38552e-002 
4.85824e-003 
-1.18919e-002 
1.50858e-003 
1.48161e-002 
1.52443e-002 
1.00866e-002 
1.01616e-002 
8.14620e-003 
1.05047e-002 
-4.86553e-003 
-1.83007e-003 
1.19008e-002 
6.19780e-003 
1.52383e-002 
4.75785e-002 
5.71932e-002 
6.17791e-002 
3.59428e-002 
3.20251e-002 
7.20709e-002 
7.85844e-002 
6.89418e-002 
5.71259e-002 
6.10557e-002 
6.72988e-002 
7.77267e-002 
8.58067e-002 
9.01603e-002 
9.95689e-002 
1.05690e-001 
6.96650e-002 
5.47637e-002 
7.19526e-002 
5.53877e-002 
2.14335e-002 
1.43864e-003 
-8.02847e-003 
-9.32411e-004 
1.17080e-002 
3.52746e-002 
4.43124e-002 
4.24495e-002 
2.67929e-002 
1.38654e-002 
2.00047e-002 
9.74818e-003 
-3.75532e-002 
-2.35367e-002 
-8.66884e-003 
8.87954e-003 
8.87954e-003 
4.05621e-002 
4.49495e-002 
2.78867e-002 
-1.70095e-002 
-1.89479e-002 
-3.39126e-003 
-3.39126e-003 
-9.89348e-003 
-2.02347e-002 
-1.85769e-002 
-6.86218e-003 
1.36364e-002 
1.71011e-002 
1.67297e-002 
-2.25358e-002 
-2.52681e-002 
3.56032e-002 
5.79382e-002 
7.81462e-002 
6.14348e-002 
1.37421e-002 
2.88409e-002 
4.92952e-002 
4.05549e-002 
5.99737e-003 
-1.28188e-002 
3.90761e-003 
1.59077e-002 
1.00866e-002 
-1.82038e-003 
-1.05900e-002 
-1.64643e-002 
-3.78354e-002 
-2.47036e-002 
-1.26819e-002 
1.45204e-002 
1.76663e-002 
2.00999e-002 
2.34522e-002 
3.45685e-002 
3.59428e-002 
2.72183e-002 
2.14156e-002 
5.18225e-002 
7.27160e-002 
6.74677e-002 
5.14943e-002 
5.63237e-002 
6.64459e-002 
7.95098e-002 
8.53944e-002 
7.69670e-002 
8.32179e-002 
1.02360e-001 
9.04574e-002 
6.86486e-002 
7.48922e-002 
5.89498e-002 
3.78662e-002 
4.25010e-002 
4.07492e-002 
2.71981e-002 
1.84186e-002 
1.85490e-002 
2.09655e-002 
8.49212e-003 
1.81495e-002 
2.20031e-002 
4.41650e-002 
2.38526e-002 
-3.75242e-002 
-3.27805e-002 
0.00000e+000 
1.77093e-002 
1.38052e-002 
2.03109e-002 
3.61865e-002 
2.78867e-002 
7.77676e-003 
2.84178e-003 
2.00691e-003 
-3.36124e-003 
-1.34030e-002 
-2.23507e-002 
-1.85769e-002 
8.52787e-004 
1.36364e-002 
1.44701e-002 
2.30331e-003 
-3.39396e-002 
-2.30634e-002 
2.67715e-002 
6.46850e-002 
8.22809e-002 
6.59905e-002 
2.81089e-002 
2.14307e-002 
2.44959e-002 
1.06064e-002 
1.55614e-003 
-5.53804e-003 
4.89418e-003 
1.33481e-002 
1.27261e-002 
-4.45242e-003 
-2.20728e-002 
-5.01576e-002 
-5.48379e-002 
-4.69915e-002 
-1.89317e-002 
1.31170e-002 
2.24304e-002 
1.77413e-002 
9.06745e-003 
2.74243e-002 
3.47651e-002 
3.45195e-002 
3.45195e-002 
6.28279e-002 
7.55141e-002 
7.35532e-002 
6.30662e-002 
5.73348e-002 
5.88047e-002 
7.03665e-002 
7.30252e-002 
4.64612e-002 
4.64612e-002 
8.50893e-002 
8.54544e-002 
9.79564e-002 
1.07183e-001 
8.41286e-002 
7.45133e-002 
7.45133e-002 
6.51029e-002 
5.13378e-002 
2.51511e-002 
9.27566e-003 
6.63843e-004 
6.63843e-004 
1.72000e-002 
3.07991e-002 
3.97812e-002 
3.25013e-002 
-1.14383e-002 
-1.14383e-002 
8.99132e-003 
2.03154e-002 
3.07709e-002 
2.50354e-002 
2.50354e-002 
2.49022e-002 
3.34602e-002 
3.06680e-002 
1.66978e-002 
5.97032e-003 
-3.04594e-003 
-7.32151e-003 
-1.04119e-002 
-1.21555e-002 
-3.45386e-003 
5.06889e-003 
-2.12200e-003 
-3.60925e-003 
6.84532e-003 
2.48162e-002 
4.50975e-002 
7.11672e-002 
5.75268e-002 
5.07058e-002 
3.07356e-002 
1.72224e-002 
-1.01242e-003 
8.70699e-003 
1.68084e-003 
4.19366e-003 
3.55937e-003 
3.39742e-003 
-1.33008e-002 
-1.40342e-002 
-1.68421e-002 
-3.78354e-002 
-3.78354e-002 
-1.32181e-002 
8.42919e-003 
2.33788e-002 
1.92162e-002 
5.03231e-003 
1.86137e-002 
4.64588e-002 
5.31248e-002 
5.28695e-002 
6.78059e-002 
7.64368e-002 
8.02201e-002 
6.86319e-002 
6.05200e-002 
5.74967e-002 
5.45478e-002 
5.47112e-002 
4.77440e-002 
5.58376e-002 
7.64671e-002 
8.33431e-002 
1.03837e-001 
1.14169e-001 
1.02943e-001 
7.42235e-002 
7.13976e-002 
5.97991e-002 
4.21784e-002 
2.43455e-002 
3.43972e-003 
-3.68841e-004 
1.29029e-003 
2.74955e-002 
2.92379e-002 
2.85482e-002 
8.62349e-003 
-1.46727e-002 
-7.16357e-003 
1.32956e-003 
1.20810e-002 
3.29591e-002 
3.29591e-002 
2.58546e-002 
2.49022e-002 
3.58047e-002 
4.20004e-002 
3.06680e-002 
1.70406e-002 
1.54501e-002 
1.82195e-002 
9.14651e-003 
-1.56743e-002 
-1.38203e-002 
4.66095e-003 
3.90484e-003 
1.15629e-002 
1.01995e-002 
1.31793e-002 
3.65055e-002 
5.75268e-002 
3.91771e-002 
4.57114e-002 
5.58737e-002 
3.93447e-002 
2.25204e-002 
2.44959e-002 
1.61544e-002 
-1.63500e-003 
-8.71308e-003 
-1.10223e-002 
-2.16063e-002 
-9.93841e-003 
-1.16989e-002 
-3.13572e-002 
-2.29921e-002 
1.57351e-003 
2.43032e-002 
2.90143e-002 
2.73684e-002 
1.09976e-002 
3.98166e-002 
5.72332e-002 
6.56644e-002 
7.14031e-002 
7.24243e-002 
6.58104e-002 
7.11945e-002 
7.02650e-002 
7.68734e-002 
6.54702e-002 
5.27918e-002 
4.58785e-002 
3.86601e-002 
5.91145e-002 
6.74464e-002 
7.82698e-002 
9.23980e-002 
1.09625e-001 
9.80230e-002 
7.27150e-002 
5.60460e-002 
4.33117e-002 
2.71588e-002 
2.29421e-002 
3.77938e-003 
3.43972e-003 
2.54453e-002 
3.15741e-002 
3.16562e-002 
1.51899e-002 
-1.93831e-003 
-2.09579e-002 
-5.95744e-003 
7.77464e-005 
5.65105e-003 
1.89000e-002 
9.19225e-003 
9.19225e-003 
4.44639e-003 
1.59932e-002 
2.79284e-002 
3.22875e-002 
2.86935e-002 
3.66751e-002 
4.25875e-002 
2.21331e-002 
4.99798e-005 
2.71708e-003 
1.08050e-002 
1.81560e-002 
1.15629e-002 
6.90701e-003 
1.56980e-002 
2.80765e-002 
3.80928e-002 
3.80928e-002 
3.67168e-002 
3.93447e-002 
4.24772e-002 
3.74364e-002 
2.42465e-002 
1.09736e-002 
-7.47435e-003 
-7.47435e-003 
-7.47435e-003 
-4.98001e-003 
-3.45618e-003 
-1.03564e-002 
-2.26972e-002 
-2.75080e-003 
2.65318e-002 
4.67397e-002 
4.43153e-002 
2.90143e-002 
2.99983e-002 
5.58078e-002 
5.70953e-002 
6.56644e-002 
6.87327e-002 
4.66620e-002 
4.04087e-002 
5.76547e-002 
6.18336e-002 
8.17801e-002 
8.22950e-002 
7.19285e-002 
4.58785e-002 
3.20834e-002 
5.28352e-002 
5.99449e-002 
7.01620e-002 
6.60555e-002 
8.30529e-002 
6.76929e-002 
4.84961e-002 
2.92660e-002 
2.42290e-002 
2.30644e-002 
2.23199e-002 
7.58659e-003 
4.26565e-003 
3.39359e-002 
4.41743e-002 
1.44360e-002 
4.27938e-003 
0.00000e+000 
-2.18578e-003 
-1.32876e-004 
-1.32876e-004 
7.17912e-003 
1.42064e-002 
6.01535e-003 
3.38247e-004 
5.65549e-003 
1.58404e-002 
2.24595e-002 
3.22875e-002 
4.19538e-002 
4.34794e-002 
3.63299e-002 
1.67220e-002 
2.37490e-002 
2.37490e-002 
1.85242e-002 
1.32229e-002 
1.32229e-002 
1.96423e-002 
3.23846e-002 
3.09944e-002 
5.41862e-002 
5.50955e-002 
3.98378e-002 
3.84705e-002 
4.24772e-002 
3.21331e-002 
1.77354e-002 
-3.52231e-003 
-7.47435e-003 
2.58217e-003 
3.96577e-004 
3.96577e-004 
-1.41519e-003 
-1.01623e-002 
-1.36364e-002 
4.69770e-003 
3.81420e-002 
5.10228e-002 
4.85134e-002 
2.85725e-002 
2.99983e-002 
4.26065e-002 
5.58078e-002 
6.05667e-002 
5.75116e-002 
4.54128e-002 
3.61355e-002 
4.53156e-002 
5.43056e-002 
7.26484e-002 
9.11248e-002 
8.22950e-002 
6.54966e-002 
5.10886e-002 
5.28352e-002 
3.93901e-002 
9.07512e-003 
2.01765e-002 
3.95032e-002 
3.19986e-002 
1.96167e-002 
1.11372e-002 
1.41062e-002 
2.19840e-002 
2.36038e-002 
1.07557e-002 
1.59293e-002 
3.70860e-002 
4.84629e-002 
-7.84870e-003 
-1.04392e-002 
9.18376e-004 
2.61521e-003 
0.00000e+000 
-3.98665e-003 
8.25798e-003 
1.60062e-002 
1.00076e-002 
1.28375e-002 
1.96099e-002 
2.61902e-002 
2.44702e-002 
2.61902e-002 
3.22875e-002 
3.44267e-002 
3.62604e-002 
2.40476e-002 
4.15083e-002 
4.15083e-002 
2.83195e-002 
1.32229e-002 
1.32229e-002 
2.71385e-002 
4.65607e-002 
4.23903e-002 
4.49414e-002 
2.88291e-002 
2.63037e-002 
3.52085e-002 
3.48117e-002 
2.91004e-002 
2.72651e-002 
8.02171e-003 
-7.66902e-003 
4.03524e-003 
7.25636e-003 
7.25636e-003 
9.47597e-004 
8.03786e-003 
9.90246e-003 
2.11404e-002 
2.82432e-002 
3.81420e-002 
5.10040e-002 
4.81555e-002 
4.78339e-002 
4.77540e-002 
6.45552e-002 
6.12246e-002 
6.12246e-002 
5.58399e-002 
5.02734e-002 
4.89350e-002 
5.14224e-002 
6.24542e-002 
8.37147e-002 
7.74396e-002 
7.74396e-002 
6.62147e-002 
5.37734e-002 
3.57218e-002 
1.63228e-002 
2.27676e-002 
2.65125e-002 
1.71479e-002 
5.45224e-003 
7.99253e-003 
1.39164e-002 
2.75937e-002 
2.90337e-002 
2.46486e-002 
3.04857e-002 
4.14659e-002 
4.70608e-002 
-2.82916e-003 
-2.14186e-003 
1.41357e-006 
1.53274e-003 
1.60319e-003 
7.73284e-003 
1.22356e-002 
1.95401e-002 
1.22356e-002 
2.15262e-002 
1.88555e-002 
6.12662e-003 
3.71072e-003 
3.71072e-003 
-4.59410e-004 
1.42978e-002 
2.60822e-002 
1.44225e-002 
3.64418e-002 
3.55868e-002 
1.85242e-002 
7.41286e-003 
8.93003e-003 
3.47884e-002 
5.16265e-002 
4.83855e-002 
2.71907e-002 
7.80069e-003 
7.80069e-003 
3.08768e-002 
3.84705e-002 
3.45053e-002 
3.39105e-002 
2.02078e-002 
-9.43185e-003 
-1.50813e-002 
5.76535e-004 
1.26262e-002 
2.59499e-002 
2.92960e-002 
2.87714e-002 
2.87714e-002 
3.27960e-002 
4.76080e-002 
5.70325e-002 
4.89745e-002 
6.85450e-002 
5.85287e-002 
8.62944e-002 
8.07724e-002 
7.52221e-002 
7.45679e-002 
7.31987e-002 
6.15182e-002 
6.13972e-002 
7.84481e-002 
1.01517e-001 
9.40448e-002 
9.02420e-002 
6.44982e-002 
4.54766e-002 
2.54684e-002 
3.11916e-002 
3.43160e-002 
2.79591e-002 
1.86216e-002 
1.20367e-002 
1.83736e-002 
2.82430e-002 
3.48206e-002 
2.73326e-002 
2.20705e-002 
2.71069e-002 
3.38903e-002 
3.62837e-002 
1.48236e-002 
9.42474e-003 
-1.96567e-002 
-3.47122e-002 
-1.33172e-002 
9.77009e-003 
3.31321e-002 
4.17045e-002 
2.90316e-002 
3.05446e-002 
3.14821e-002 
3.78110e-003 
-1.77201e-003 
-5.83259e-003 
-7.68316e-003 
-5.47819e-003 
8.78362e-003 
1.18402e-002 
3.06696e-002 
2.79649e-002 
1.94653e-002 
9.74243e-003 
1.42846e-002 
3.42205e-002 
5.18734e-002 
3.83012e-002 
1.57653e-002 
6.89328e-003 
6.89328e-003 
2.57174e-002 
4.57175e-002 
3.81001e-002 
2.02078e-002 
5.86097e-003 
-1.04547e-002 
-1.06385e-002 
1.52842e-002 
2.79403e-002 
3.96217e-002 
4.48657e-002 
4.48657e-002 
3.69305e-002 
3.22226e-002 
3.22226e-002 
3.15569e-002 
3.20994e-002 
6.85450e-002 
5.85287e-002 
8.52770e-002 
8.07724e-002 
7.51333e-002 
7.45679e-002 
7.13789e-002 
7.13789e-002 
7.19982e-002 
1.04179e-001 
1.18824e-001 
1.06921e-001 
9.02420e-002 
5.32544e-002 
2.84554e-002 
1.96450e-002 
2.48912e-002 
1.80510e-002 
1.63540e-002 
1.88590e-002 
2.96073e-002 
4.17870e-002 
4.17870e-002 
3.54929e-002 
2.05338e-002 
1.03443e-002 
1.37639e-002 
2.88796e-002 
2.88796e-002 
1.92905e-002 
1.84669e-002 
-5.98852e-003 
-2.86596e-002 
-1.62057e-002 
5.76414e-003 
3.94699e-002 
3.70392e-002 
2.90316e-002 
2.45949e-002 
6.12662e-003 
3.78110e-003 
6.44770e-003 
8.97920e-004 
0.00000e+000 
-1.16918e-002 
-1.23960e-003 
1.03835e-002 
3.16385e-002 
2.79649e-002 
1.55126e-002 
9.11822e-003 
9.11822e-003 
2.33148e-002 
2.29485e-002 
2.52881e-002 
1.94904e-002 
2.20910e-002 
1.91211e-002 
3.79871e-002 
4.81725e-002 
3.84123e-002 
6.81957e-003 
1.16317e-003 
-8.14509e-003 
0.00000e+000 
2.91390e-002 
4.68876e-002 
5.47183e-002 
5.82238e-002 
5.36066e-002 
3.59737e-002 
2.61166e-002 
3.19275e-002 
2.45497e-002 
2.45497e-002 
2.93257e-002 
3.67742e-002 
6.84784e-002 
7.23414e-002 
7.06230e-002 
7.01494e-002 
6.49574e-002 
7.91793e-002 
9.60471e-002 
1.17458e-001 
1.20021e-001 
1.00320e-001 
5.83402e-002 
3.05826e-002 
2.28647e-002 
2.60898e-002 
1.96967e-002 
5.76141e-003 
7.84592e-003 
2.64753e-002 
4.53534e-002 
5.60399e-002 
4.53433e-002 
2.50181e-002 
1.89630e-002 
1.45709e-002 
1.89630e-002 
3.72624e-002 
3.85298e-002 
9.39156e-003 
1.84669e-002 
1.02555e-002 
-7.61793e-003 
-1.60849e-003 
2.52696e-002 
4.73324e-002 
1.84693e-002 
-5.91731e-003 
-5.04662e-002 
-2.78360e-002 
-5.49032e-003 
1.88552e-002 
6.58461e-003 
1.29527e-003 
-2.96173e-003 
1.55854e-003 
1.02402e-002 
1.34338e-002 
2.59766e-002 
2.96931e-003 
7.75414e-003 
6.10458e-003 
6.50408e-003 
1.48139e-002 
1.38627e-002 
7.69154e-003 
2.40180e-002 
3.49108e-002 
3.84539e-002 
3.75921e-002 
2.68195e-002 
5.50868e-003 
4.70648e-003 
1.16792e-002 
3.05852e-002 
3.36206e-002 
5.47183e-002 
6.45456e-002 
6.79089e-002 
5.36066e-002 
2.34673e-002 
1.35927e-002 
2.75829e-002 
1.84407e-002 
1.86482e-002 
1.78863e-002 
1.78863e-002 
2.94191e-002 
4.72187e-002 
4.98889e-002 
6.48738e-002 
6.62954e-002 
8.36147e-002 
1.14554e-001 
1.22565e-001 
1.07551e-001 
7.74475e-002 
4.00646e-002 
2.27559e-002 
3.35362e-002 
4.56048e-002 
2.83779e-002 
4.58572e-003 
1.12349e-002 
3.07272e-002 
5.55361e-002 
6.11700e-002 
4.07673e-002 
2.64510e-002 
2.90344e-002 
2.68894e-002 
2.55696e-002 
3.44821e-002 
4.00222e-002 
2.96244e-002 
2.41297e-002 
1.12384e-002 
8.17407e-003 
4.52338e-003 
2.47698e-002 
3.84754e-002 
1.19460e-002 
-5.60988e-002 
-7.87302e-002 
-5.27626e-002 
-2.53791e-002 
1.71973e-002 
1.71973e-002 
1.29527e-003 
-2.34683e-003 
1.60804e-003 
1.03835e-002 
1.34338e-002 
2.53235e-002 
2.96931e-003 
7.75414e-003 
3.14590e-003 
1.78875e-002 
3.49113e-002 
2.94254e-002 
7.16589e-003 
2.43538e-002 
3.49108e-002 
3.49108e-002 
1.54155e-002 
1.23656e-002 
1.76239e-002 
2.79735e-002 
4.69851e-002 
5.33909e-002 
5.33909e-002 
5.54881e-002 
3.61454e-002 
4.64388e-002 
5.50234e-002 
3.49392e-002 
1.45545e-002 
2.14116e-002 
1.45545e-002 
1.53824e-002 
1.69493e-002 
1.78863e-002 
2.67287e-002 
3.60255e-002 
4.69437e-002 
6.62954e-002 
6.66246e-002 
7.49081e-002 
9.87460e-002 
1.10555e-001 
8.04877e-002 
5.47897e-002 
2.40442e-002 
2.27597e-002 
4.04233e-002 
3.80102e-002 
2.54745e-002 
8.14954e-003 
1.38484e-002 
2.63956e-002 
4.40822e-002 
5.75498e-002 
2.91656e-002 
2.19903e-002 
1.75729e-002 
1.81834e-002 
2.89582e-002 
2.98572e-002 
2.01772e-002 
2.96244e-002 
2.57806e-002 
1.54156e-002 
3.44881e-003 
5.17944e-003 
3.69738e-002 
2.17983e-002 
1.91458e-003 
-1.61344e-002 
-4.88358e-002 
-4.45702e-002 
-2.65963e-002 
4.53103e-003 
4.53103e-003 
3.31611e-003 
2.33130e-003 
2.04470e-002 
2.68228e-002 
2.84280e-002 
3.21377e-002 
2.36300e-002 
3.08712e-002 
1.44275e-002 
2.32432e-002 
4.08421e-002 
4.43041e-002 
3.10638e-002 
2.86379e-002 
2.86793e-002 
3.29443e-002 
1.17358e-002 
9.22859e-003 
3.18035e-002 
3.18035e-002 
5.23697e-002 
5.45184e-002 
4.38711e-002 
3.75146e-002 
2.51269e-002 
3.61454e-002 
4.55152e-002 
3.13236e-002 
2.98607e-003 
-6.22250e-003 
-1.50250e-002 
1.48099e-002 
3.21690e-002 
3.40519e-002 
3.64580e-002 
5.06126e-002 
6.19962e-002 
7.44112e-002 
6.80705e-002 
5.61946e-002 
6.34390e-002 
8.55400e-002 
7.52476e-002 
4.69489e-002 
2.65445e-002 
3.65480e-002 
4.73038e-002 
4.17970e-002 
2.85637e-002 
1.48041e-002 
1.63894e-002 
2.45544e-002 
3.87290e-002 
3.87290e-002 
2.37847e-002 
3.11538e-002 
1.66751e-002 
1.75729e-002 
2.68894e-002 
2.83917e-002 
1.75779e-002 
4.19995e-002 
2.79261e-002 
2.71729e-002 
3.01480e-002 
4.22704e-002 
4.57744e-002 
2.11580e-002 
-4.29291e-003 
-4.29291e-003 
-7.88862e-003 
-1.23278e-002 
-4.48971e-003 
4.67347e-003 
3.84128e-003 
5.91821e-003 
8.62372e-003 
3.17746e-002 
2.79495e-002 
2.74226e-002 
2.93160e-002 
2.88796e-002 
3.68497e-002 
2.05323e-002 
1.46081e-002 
2.94254e-002 
4.48121e-002 
3.72208e-002 
1.57957e-002 
2.40664e-002 
2.98999e-002 
8.44941e-003 
7.23990e-003 
2.93930e-002 
2.86690e-002 
4.84249e-002 
6.14294e-002 
5.19886e-002 
3.93126e-002 
2.15155e-002 
3.36282e-002 
3.74647e-002 
2.75567e-002 
-2.03877e-003 
-3.01497e-002 
-2.99647e-002 
9.86773e-003 
3.37710e-002 
3.63744e-002 
3.33853e-002 
4.85400e-002 
4.87674e-002 
5.84981e-002 
5.21466e-002 
4.62866e-002 
4.95693e-002 
7.02484e-002 
7.23152e-002 
4.61660e-002 
3.21659e-002 
4.53851e-002 
6.16084e-002 
6.25522e-002 
3.01550e-002 
1.75647e-002 
1.70761e-002 
2.02363e-002 
2.26430e-002 
2.22966e-002 
2.29758e-002 
4.35246e-002 
2.89411e-002 
1.75498e-002 
1.75498e-002 
2.45602e-002 
1.62798e-002 
3.19503e-002 
2.72747e-002 
2.71729e-002 
4.38895e-002 
4.74990e-002 
5.37914e-002 
3.96354e-002 
1.08885e-002 
1.08885e-002 
1.13116e-002 
1.74910e-002 
3.43437e-002 
4.67347e-003 
-2.28261e-003 
1.58294e-002 
2.21274e-002 
2.53506e-002 
2.09265e-002 
1.83516e-002 
2.73618e-002 
2.95415e-002 
2.51093e-002 
-2.78978e-004 
-2.40903e-003 
6.66688e-003 
2.14496e-002 
1.38265e-002 
4.05331e-003 
2.84754e-003 
1.98404e-002 
2.41922e-003 
2.41922e-003 
1.77165e-002 
1.32971e-002 
2.65350e-002 
4.33864e-002 
4.60666e-002 
5.35853e-002 
3.41026e-002 
3.36282e-002 
3.83192e-002 
3.04224e-002 
-6.96456e-003 
-2.35268e-002 
-6.81442e-004 
1.94107e-002 
3.40519e-002 
4.51633e-002 
2.33716e-002 
2.46153e-002 
2.64626e-002 
2.11470e-002 
1.66736e-002 
2.76641e-002 
4.15539e-002 
5.96190e-002 
6.47692e-002 
5.37278e-002 
3.10409e-002 
3.48188e-002 
4.93273e-002 
7.06513e-002 
6.19416e-002 
2.14152e-002 
1.18164e-002 
1.47401e-002 
1.77022e-002 
1.71939e-002 
2.83152e-002 
5.04937e-002 
4.04022e-002 
2.73367e-002 
1.97032e-002 
8.67639e-003 
6.89281e-003 
1.69766e-002 
1.11283e-002 
6.61965e-003 
4.06664e-002 
3.59454e-002 
2.75442e-002 
1.35127e-002 
1.08885e-002 
1.18621e-002 
3.75989e-003 
7.24315e-003 
-1.56857e-002 
-3.94053e-002 
-1.84098e-002 
2.86923e-003 
1.70980e-002 
1.70980e-002 
5.37036e-003 
3.44830e-003 
1.83516e-002 
1.03877e-002 
4.74737e-003 
-6.14863e-003 
-5.36738e-003 
-1.81745e-004 
6.31765e-004 
-3.40933e-003 
-4.97173e-003 
-5.13863e-003 
6.92158e-003 
-1.96143e-003 
-7.96634e-003 
5.42306e-004 
1.09269e-002 
1.33892e-002 
3.76248e-002 
4.71268e-002 
4.90569e-002 
3.62255e-002 
3.99729e-002 
5.38785e-002 
3.80959e-002 
-1.64051e-002 
-1.99014e-002 
5.94709e-004 
1.67602e-002 
3.94213e-002 
4.19203e-002 
2.67074e-002 
2.48307e-002 
1.01999e-002 
4.30513e-003 
2.08986e-003 
2.06282e-002 
4.06119e-002 
5.28791e-002 
6.17599e-002 
6.64620e-002 
3.70937e-002 
3.68487e-002 
4.81757e-002 
7.58362e-002 
7.25101e-002 
2.20063e-002 
5.63005e-004 
7.03241e-003 
1.55731e-002 
1.60733e-002 
3.50075e-002 
4.25172e-002 
3.46096e-002 
3.32508e-002 
2.65610e-002 
1.69180e-002 
5.00414e-003 
4.87783e-003 
-3.14105e-003 
-1.01857e-002 
1.07815e-002 
2.13716e-002 
1.13831e-002 
-5.59612e-003 
6.81926e-003 
1.93678e-002 
1.73539e-003 
-4.11293e-003 
-5.13294e-002 
-6.70502e-002 
-1.36258e-003 
1.80178e-002 
1.80178e-002 
1.80178e-002 
3.44830e-003 
-3.04978e-003 
-5.29483e-003 
0.00000e+000 
3.49303e-003 
-2.03122e-003 
-3.73829e-003 
-2.32926e-003 
-6.68275e-003 
-1.01618e-002 
-5.13863e-003 
-4.97173e-003 
8.03867e-003 
6.84582e-003 
3.34774e-003 
3.34626e-003 
3.34626e-003 
1.43948e-003 
7.25616e-003 
3.98978e-002 
4.32346e-002 
4.24008e-002 
5.19726e-002 
4.02839e-002 
2.14068e-002 
-3.30829e-002 
-3.33538e-002 
-3.14025e-002 
5.76242e-003 
3.59227e-002 
4.14368e-002 
4.98334e-002 
3.90166e-002 
1.27281e-002 
-6.66397e-006 
5.33333e-003 
5.24031e-002 
6.29627e-002 
6.14133e-002 
6.17599e-002 
6.47692e-002 
4.84190e-002 
3.47112e-002 
4.27549e-002 
4.77823e-002 
5.38818e-002 
1.51815e-002 
-2.77666e-006 
7.03241e-003 
1.01116e-002 
1.19952e-002 
3.17470e-002 
3.74449e-002 
3.31046e-002 
3.29453e-002 
3.16421e-002 
2.30542e-002 
1.42401e-002 
1.45976e-002 
4.87783e-003 
-1.89353e-002 
3.19992e-003 
2.19593e-002 
1.18684e-002 
1.13831e-002 
3.08216e-002 
5.04513e-002 
2.36359e-002 
7.73122e-003 
-1.80137e-002 
-1.64847e-002 
1.96062e-003 
1.13402e-002 
1.13402e-002 
1.14661e-002 
1.87750e-002 
7.45064e-003 
9.77443e-003 
2.93558e-003 
-3.17518e-003 
-8.83865e-003 
-1.09360e-002 
-1.21752e-002 
-1.38472e-002 
-9.58492e-003 
-5.34279e-003 
-3.43185e-003 
2.21913e-002 
7.28144e-003 
0.00000e+000 
-2.37884e-003 
-2.46607e-003 
-2.46607e-003 
-1.59138e-003 
2.72601e-002 
3.80139e-002 
4.35479e-002 
4.64750e-002 
2.89077e-002 
-1.95030e-002 
-3.70216e-002 
-2.85895e-002 
-2.85473e-002 
1.54897e-002 
2.69588e-002 
3.29797e-002 
5.56470e-002 
7.31432e-002 
5.49477e-002 
9.38621e-003 
1.13580e-002 
5.06849e-002 
5.96244e-002 
4.43048e-002 
4.55653e-002 
3.68388e-002 
2.62179e-002 
1.50117e-002 
2.20312e-002 
1.82328e-002 
2.14277e-002 
1.25151e-003 
1.25151e-003 
9.22647e-003 
5.23809e-003 
-3.63732e-003 
2.41268e-002 
2.53041e-002 
2.00972e-002 
2.36207e-002 
4.14126e-002 
4.32564e-002 
3.07546e-002 
2.38400e-002 
2.33511e-002 
-1.98079e-002 
1.07815e-002 
2.57132e-002 
6.48435e-003 
4.24525e-003 
3.01676e-002 
6.60188e-002 
5.98294e-002 
4.16628e-002 
1.09167e-002 
-7.91781e-003 
3.62682e-003 
1.49824e-002 
2.40034e-002 
3.11950e-002 
2.53234e-002 
1.24826e-002 
1.24826e-002 
4.78332e-003 
2.78261e-003 
-1.21889e-002 
-3.17982e-002 
-2.31459e-002 
-2.71998e-002 
-1.42869e-002 
-8.00666e-003 
1.56603e-003 
9.06129e-003 
1.85612e-003 
-8.84158e-003 
-8.84158e-003 
-5.91842e-003 
-2.37884e-003 
2.12995e-003 
3.18938e-002 
4.35479e-002 
4.43713e-002 
2.84109e-002 
-1.58428e-003 
-3.08158e-002 
-1.73728e-002 
1.21163e-002 
2.45627e-002 
3.37385e-002 
2.96505e-002 
3.59227e-002 
5.68772e-002 
7.42397e-002 
5.77750e-002 
2.24000e-002 
1.76737e-002 
3.51806e-002 
3.45295e-002 
3.96179e-002 
2.84046e-002 
1.98007e-002 
2.12803e-002 
1.39622e-002 
7.89378e-003 
2.58077e-003 
2.58077e-003 
8.76414e-005 
1.30214e-003 
6.26415e-003 
5.82825e-003 
1.61197e-003 
1.08044e-002 
2.41268e-002 
1.97772e-002 
2.36436e-002 
4.49853e-002 
5.43504e-002 
4.03271e-002 
1.29268e-002 
-4.51535e-004 
-2.90088e-002 
-2.70638e-002 
5.70921e-003 
-1.90926e-002 
-1.21777e-002 
1.98395e-003 
3.01676e-002 
4.16628e-002 
2.56138e-002 
1.05851e-002 
1.09167e-002 
1.96062e-003 
1.60128e-002 
2.44175e-002 
2.53234e-002 
1.91612e-002 
1.07638e-002 
9.40784e-003 
6.25303e-003 
3.62318e-003 
-7.95205e-003 
-2.81053e-002 
-1.76804e-002 
-1.76804e-002 
3.02272e-003 
-5.34279e-003 
4.93689e-003 
5.71893e-003 
2.48647e-003 
-4.30513e-003 
2.22839e-004 
4.54089e-003 
9.84178e-003 
1.95853e-002 
4.31765e-002 
3.78433e-002 
3.04708e-002 
-2.65923e-004 
-3.96748e-002 
-3.77976e-002 
-5.29251e-003 
2.03603e-002 
4.45581e-002 
3.90731e-002 
3.59001e-002 
4.20428e-002 
4.49280e-002 
4.59257e-002 
5.66391e-002 
3.57925e-002 
1.93959e-002 
3.44444e-002 
1.83911e-002 
3.96179e-002 
2.07499e-002 
1.63762e-002 
2.12803e-002 
1.17543e-002 
-4.17407e-004 
2.58077e-003 
-3.67341e-003 
1.30214e-003 
5.10905e-004 
1.27777e-003 
5.53120e-003 
9.07633e-003 
1.70647e-002 
2.50757e-002 
2.57358e-002 
3.07934e-002 
3.34827e-002 
5.43504e-002 
4.49853e-002 
-7.69383e-003 
-9.32199e-003 
-3.81112e-002 
-2.83314e-002 
-1.17722e-002 
-1.21777e-002 
-9.26656e-003 
-7.84572e-003 
-1.73264e-003 
2.06517e-002 
2.12879e-002 
1.33946e-002 
1.49576e-002 
-4.05790e-003 
1.35970e-002 
7.01868e-003 
1.60182e-002 
2.85413e-002 
1.37047e-002 
-1.29371e-003 
-1.29371e-003 
-7.41175e-003 
-1.22213e-002 
-2.20638e-002 
-2.19710e-002 
-9.71235e-003 
9.25258e-003 
8.12248e-003 
8.62530e-003 
9.33512e-003 
1.20916e-002 
1.12281e-002 
1.20916e-002 
1.09392e-002 
2.03346e-002 
2.50379e-002 
4.31765e-002 
2.84109e-002 
2.84109e-002 
-2.65923e-004 
-1.80438e-002 
-1.97147e-002 
-8.52110e-003 
2.88580e-002 
3.46415e-002 
1.45443e-002 
2.44023e-003 
9.20253e-003 
1.17417e-002 
2.76137e-002 
3.62729e-002 
2.92937e-002 
3.77178e-002 
3.47019e-002 
3.47019e-002 
4.27720e-002 
3.29804e-002 
2.07499e-002 
1.88955e-002 
4.47496e-003 
-4.49404e-003 
-6.61985e-003 
-4.95790e-003 
9.17639e-003 
6.75313e-003 
2.27504e-003 
3.53544e-003 
1.57502e-002 
2.50757e-002 
2.59866e-002 
2.28328e-002 
2.16832e-002 
2.61527e-002 
4.66835e-002 
5.14218e-002 
-9.77999e-003 
1.09380e-002 
-2.87550e-003 
-1.35913e-002 
3.12450e-003 
8.69124e-003 
9.26898e-003 
-4.64671e-003 
-1.67666e-002 
7.94911e-003 
1.60689e-002 
1.05851e-002 
3.73071e-003 
-7.36248e-004 
3.84600e-003 
3.84600e-003 
6.69086e-003 
2.84943e-002 
1.58718e-002 
5.53887e-003 
-7.41175e-003 
-1.68328e-002 
-1.38943e-002 
-1.99961e-002 
-1.22213e-002 
2.23576e-003 
9.39609e-003 
8.12248e-003 
1.53740e-002 
1.57289e-002 
1.33287e-002 
1.52349e-002 
2.39045e-002 
1.73532e-002 
3.55981e-002 
2.42758e-002 
3.78433e-002 
3.63772e-002 
3.38967e-002 
9.69579e-003 
-2.97052e-003 
-1.79624e-004 
-7.58431e-003 
3.30796e-002 
2.54330e-002 
5.22939e-003 
-7.81735e-003 
-3.84107e-003 
2.51908e-002 
2.61204e-002 
2.61204e-002 
3.12106e-002 
4.08897e-002 
4.65715e-002 
4.08176e-002 
5.39408e-002 
5.00518e-002 
3.64545e-002 
2.60995e-002 
2.03139e-002 
6.65357e-003 
-6.24869e-003 
6.66599e-003 
2.11200e-002 
1.76558e-002 
3.53544e-003 
1.41034e-003 
1.01555e-002 
1.63080e-002 
2.30851e-002 
2.30851e-002 
2.49863e-002 
2.84239e-002 
4.66835e-002 
4.86146e-002 
-1.26718e-002 
1.09380e-002 
1.21708e-002 
1.21708e-002 
9.71335e-003 
5.70123e-003 
8.69124e-003 
-6.85036e-003 
-3.14273e-002 
-1.12616e-002 
3.68477e-003 
5.74495e-003 
2.13156e-003 
-4.40903e-003 
-4.40903e-003 
7.82310e-003 
1.51371e-002 
2.83543e-002 
1.37047e-002 
6.18245e-003 
-3.39055e-003 
-1.10250e-002 
-1.38943e-002 
-1.93898e-002 
-2.11764e-003 
6.46573e-003 
1.03830e-002 
1.77728e-002 
3.00065e-002 
2.33279e-002 
1.13459e-002 
1.20916e-002 
7.90176e-003 
7.90176e-003 
2.76455e-002 
2.28609e-002 
2.55607e-002 
3.34232e-002 
4.15832e-002 
2.49258e-002 
3.28069e-003 
5.47456e-003 
2.76161e-002 
5.83330e-002 
3.35718e-002 
1.76128e-002 
7.88611e-003 
1.75496e-002 
3.33080e-002 
2.75447e-002 
1.54080e-002 
2.35703e-002 
4.06330e-002 
4.65715e-002 
4.32213e-002 
5.53934e-002 
5.37778e-002 
4.83466e-002 
4.47062e-002 
4.34869e-002 
3.35612e-002 
2.43072e-002 
1.36951e-002 
1.90342e-002 
2.25914e-002 
1.55136e-002 
1.41034e-003 
-7.24091e-003 
-2.74253e-003 
1.76868e-002 
2.17778e-002 
3.40206e-002 
4.34128e-002 
4.79111e-002 
3.46444e-002 
-1.37044e-002 
-6.71971e-003 
-8.68134e-004 
1.65798e-002 
1.79166e-002 
2.59592e-003 
1.03511e-002 
-3.08471e-003 
-2.71157e-002 
-1.01351e-002 
-6.92569e-003 
-2.82175e-003 
0.00000e+000 
-8.55848e-003 
-3.55774e-003 
1.11158e-002 
1.86033e-002 
1.86033e-002 
7.58279e-003 
6.73465e-004 
-2.41892e-003 
-2.23809e-003 
-1.17447e-002 
-1.93898e-002 
-1.32906e-003 
6.42579e-003 
1.20715e-002 
1.73778e-002 
3.13952e-002 
2.22316e-002 
1.45402e-002 
1.58336e-002 
1.06611e-002 
6.19073e-003 
1.59228e-002 
1.02611e-002 
1.30699e-002 
1.97659e-002 
2.74075e-002 
3.79221e-002 
1.46247e-002 
9.74031e-003 
2.62217e-002 
4.71566e-002 
3.80977e-002 
2.02113e-002 
7.07603e-003 
1.63654e-002 
2.44931e-002 
1.63654e-002 
9.79402e-006 
4.96153e-003 
3.65569e-002 
4.22600e-002 
4.36995e-002 
5.07749e-002 
4.16073e-002 
3.81180e-002 
4.29197e-002 
4.35784e-002 
3.52995e-002 
2.90475e-002 
2.19213e-002 
1.49342e-002 
2.19213e-002 
1.55136e-002 
3.49616e-003 
-1.18326e-003 
1.00162e-003 
1.66216e-002 
2.41744e-002 
4.18840e-002 
4.56387e-002 
2.99993e-002 
7.28201e-003 
1.31895e-003 
8.65226e-003 
-7.58310e-003 
2.15378e-003 
2.17139e-002 
7.19083e-003 
1.03511e-002 
1.03130e-003 
-1.27004e-002 
-9.01343e-003 
-9.01343e-003 
-9.01343e-003 
-6.72128e-003 
-4.87888e-003 
-1.11076e-002 
5.73294e-003 
1.11158e-002 
5.53221e-003 
3.24994e-003 
0.00000e+000 
-6.04594e-003 
-1.17447e-002 
-2.74875e-002 
-2.38761e-002 
-1.29364e-002 
3.14027e-003 
1.44524e-002 
1.68945e-002 
1.77728e-002 
1.45402e-002 
1.41471e-002 
1.53634e-002 
1.40815e-002 
0.00000e+000 
-1.56863e-004 
2.35294e-003 
1.00505e-002 
1.52813e-002 
2.07392e-002 
3.15674e-002 
2.71060e-002 
9.74031e-003 
2.18394e-002 
4.57021e-002 
4.57021e-002 
3.31650e-002 
6.38431e-003 
9.57007e-003 
1.53325e-002 
1.22806e-002 
7.27504e-003 
1.41821e-002 
2.35703e-002 
3.25768e-002 
5.45083e-002 
5.50596e-002 
2.99113e-002 
1.49080e-002 
2.60070e-002 
2.65529e-002 
3.46612e-002 
3.46612e-002 
3.10703e-002 
2.19213e-002 
2.59719e-002 
2.28892e-002 
1.57697e-002 
4.08724e-003 
7.12712e-003 
2.25636e-002 
2.65282e-002 
3.45772e-002 
3.43054e-002 
1.78379e-002 
3.94214e-003 
1.31462e-002 
1.43211e-002 
-8.65903e-004 
4.26000e-003 
6.05008e-003 
6.05008e-003 
1.29814e-002 
1.12762e-002 
-4.74081e-003 
-4.74081e-003 
-7.04241e-003 
-1.27248e-002 
-1.65437e-002 
-4.87888e-003 
-5.50374e-004 
1.31770e-002 
1.42490e-002 
4.34400e-003 
2.51457e-003 
0.00000e+000 
0.00000e+000 
-1.65379e-002 
-2.74875e-002 
-1.26749e-002 
-4.70658e-003 
5.99758e-003 
1.63705e-002 
1.44524e-002 
6.16418e-003 
3.65630e-003 
6.76081e-003 
-8.14620e-004 
9.95880e-003 
4.35390e-003 
1.59228e-002 
1.48925e-002 
8.92034e-003 
1.11530e-003 
6.11571e-004 
2.24340e-002 
2.50035e-002 
2.71060e-002 
3.24687e-002 
4.67531e-002 
4.74065e-002 
4.44694e-002 
3.93157e-002 
4.05347e-002 
3.43147e-002 
3.91461e-002 
5.14529e-002 
4.25010e-002 
3.25768e-002 
4.81422e-002 
5.77010e-002 
4.71529e-002 
3.07336e-002 
2.38434e-002 
2.50161e-002 
2.34546e-002 
3.03208e-002 
3.45084e-002 
1.86733e-002 
1.42233e-002 
2.47900e-002 
2.83443e-002 
2.41643e-002 
4.80957e-003 
-2.56502e-004 
1.16942e-002 
2.59828e-002 
2.44669e-002 
2.44669e-002 
1.02413e-002 
-4.57633e-003 
1.56688e-002 
1.38451e-002 
2.01999e-003 
6.05008e-003 
2.01999e-003 
1.31561e-002 
2.49970e-002 
1.47214e-002 
8.05553e-003 
1.12762e-002 
6.33158e-003 
-1.26935e-002 
-1.26935e-002 
-1.11020e-002 
-5.50374e-004 
1.28851e-002 
1.39058e-002 
2.37712e-004 
-1.52289e-002 
-4.74061e-003 
1.07278e-002 
1.20445e-002 
1.94043e-002 
1.27192e-002 
7.70658e-003 
1.36633e-002 
1.52951e-002 
5.64469e-003 
-4.89489e-003 
-2.17772e-002 
-1.80959e-002 
-1.13178e-002 
2.53090e-003 
-2.47536e-003 
1.48925e-002 
1.48925e-002 
3.63579e-003 
1.11530e-003 
-1.56220e-003 
6.61568e-003 
1.89538e-002 
2.86387e-002 
3.24687e-002 
3.66679e-002 
3.29588e-002 
3.19781e-002 
3.39916e-002 
4.61202e-002 
3.93086e-002 
4.55351e-002 
5.69785e-002 
5.32209e-002 
3.98512e-002 
3.88194e-002 
4.04857e-002 
2.16167e-002 
1.71430e-002 
3.07336e-002 
2.66035e-002 
2.41935e-002 
2.75168e-002 
2.44477e-002 
1.91648e-002 
1.56475e-002 
2.39873e-002 
2.97132e-002 
2.97132e-002 
1.55506e-002 
-4.07845e-003 
-7.76817e-003 
-8.87874e-003 
-7.22476e-003 
3.83027e-003 
-1.03504e-002 
-1.35216e-002 
-5.65569e-003 
4.67892e-003 
-3.00081e-003 
-7.77484e-003 
3.17478e-003 
1.98204e-002 
1.99089e-002 
8.05553e-003 
1.47214e-002 
2.29026e-002 
1.41973e-002 
5.36561e-004 
-3.62904e-003 
-5.05563e-003 
1.00196e-002 
7.35026e-003 
-3.54826e-003 
-1.26338e-002 
-2.32790e-002 
4.43457e-004 
2.39307e-002 
3.15337e-002 
4.49705e-002 
4.07709e-002 
1.27192e-002 
9.76979e-003 
1.33326e-002 
-1.72647e-002 
-2.94975e-002 
-4.10887e-002 
-3.28047e-002 
-5.63480e-003 
3.02868e-004 
-1.12237e-003 
0.00000e+000 
-4.33592e-003 
1.17326e-004 
9.57401e-003 
1.97617e-003 
8.30069e-003 
1.22138e-002 
2.02478e-002 
2.24540e-002 
2.46016e-002 
2.62369e-002 
2.49344e-002 
3.33098e-002 
4.67147e-002 
4.68206e-002 
5.37206e-002 
6.30139e-002 
6.00562e-002 
4.54040e-002 
3.36139e-002 
3.55061e-002 
2.16167e-002 
1.71430e-002 
3.59428e-002 
4.19784e-002 
2.34546e-002 
1.81810e-002 
1.97278e-002 
2.45152e-002 
2.83388e-002 
3.32904e-002 
2.41357e-002 
1.73564e-002 
1.56853e-002 
1.10854e-003 
-1.47079e-002 
-2.27312e-002 
-2.46579e-002 
-2.27184e-002 
-2.08157e-002 
-1.61420e-002 
-1.70717e-002 
-3.64701e-003 
4.09532e-004 
-9.01345e-003 
3.17478e-003 
2.34661e-002 
1.99089e-002 
1.00413e-002 
1.35653e-002 
2.88708e-002 
1.23223e-002 
-4.49293e-003 
-8.99445e-003 
-1.18423e-003 
8.16842e-003 
-1.18710e-002 
-2.09134e-002 
-1.84945e-002 
-1.36511e-004 
6.96436e-003 
3.19628e-002 
4.69002e-002 
4.99175e-002 
4.06808e-002 
7.70658e-003 
-1.14980e-002 
-1.61026e-002 
-3.50117e-002 
-4.07488e-002 
-3.24677e-002 
-9.43094e-003 
1.73627e-003 
8.90095e-004 
7.91852e-003 
2.18278e-002 
1.21207e-002 
1.63416e-002 
2.28290e-002 
1.88551e-002 
1.22138e-002 
7.19235e-003 
5.49191e-003 
1.49683e-002 
1.71919e-002 
1.15011e-002 
1.93970e-002 
3.57663e-002 
4.41377e-002 
4.78980e-002 
5.87698e-002 
6.99570e-002 
6.57914e-002 
5.04725e-002 
3.88194e-002 
3.39605e-002 
2.57913e-002 
2.97586e-002 
5.35253e-002 
6.56321e-002 
4.91977e-002 
2.05252e-002 
1.81810e-002 
2.39873e-002 
2.39873e-002 
1.53861e-002 
1.86521e-003 
4.02130e-003 
1.11943e-002 
1.20240e-002 
-3.31563e-003 
-1.54309e-002 
-1.29743e-002 
-5.26171e-003 
-5.26171e-003 
6.57977e-003 
-1.23225e-002 
7.29826e-003 
1.16821e-003 
-4.24011e-003 
9.76616e-003 
2.26234e-002 
2.26234e-002 
7.84128e-003 
7.06583e-003 
2.26177e-002 
6.83643e-003 
-5.05563e-003 
-5.05563e-003 
9.22415e-003 
2.13422e-002 
-1.26338e-002 
-2.09134e-002 
-1.03564e-002 
2.33740e-002 
1.64339e-002 
2.30310e-002 
2.30310e-002 
4.49256e-002 
3.95337e-002 
2.32729e-002 
-1.11409e-002 
-1.58462e-002 
-3.30055e-002 
-3.23249e-002 
-1.80056e-002 
-8.43700e-003 
2.45178e-003 
7.15428e-003 
1.98518e-002 
2.39792e-002 
2.24489e-002 
2.69109e-002 
3.39711e-002 
2.54392e-002 
1.53854e-002 
7.19235e-003 
1.98738e-003 
2.05739e-003 
4.07946e-003 
-3.13148e-003 
9.62662e-003 
2.74843e-002 
3.53183e-002 
3.29036e-002 
3.77790e-002 
5.50176e-002 
5.95376e-002 
5.31280e-002 
5.11251e-002 
4.13910e-002 
3.05898e-002 
3.51177e-002 
6.00323e-002 
7.58248e-002 
5.32944e-002 
3.03002e-002 
3.04311e-003 
7.62621e-004 
7.62621e-004 
-9.35946e-003 
-1.71084e-002 
-4.01636e-003 
1.23785e-002 
2.85571e-002 
8.71587e-003 
-1.59845e-003 
1.34178e-003 
2.00935e-002 
2.55341e-002 
2.60509e-002 
1.04755e-002 
1.84076e-002 
9.88136e-003 
-5.15559e-003 
1.92054e-003 
2.51143e-002 
2.24764e-002 
-2.18275e-003 
2.97173e-003 
1.72247e-002 
1.72503e-002 
2.28345e-002 
2.91565e-002 
2.87762e-002 
3.42689e-002 
3.56694e-003 
-1.57198e-002 
-1.02985e-002 
2.46672e-002 
1.73746e-002 
8.86278e-003 
1.13036e-002 
2.30310e-002 
2.73215e-002 
2.73215e-002 
1.00882e-002 
-8.05331e-003 
-1.56821e-002 
-8.18257e-003 
-8.15363e-003 
-5.76424e-003 
8.55210e-005 
4.36076e-003 
6.27178e-003 
1.47084e-002 
2.29713e-002 
2.93312e-002 
3.95056e-002 
3.48193e-002 
2.54392e-002 
4.24576e-003 
-4.13409e-003 
-2.01399e-003 
-1.55493e-004 
-3.72183e-003 
2.79938e-003 
2.42912e-003 
1.05416e-002 
7.28504e-004 
-6.42468e-003 
9.35006e-003 
3.87823e-002 
4.97414e-002 
5.72704e-002 
4.88862e-002 
2.54137e-002 
1.25177e-002 
2.74384e-002 
4.27349e-002 
4.06415e-002 
2.46837e-002 
-4.32006e-003 
-2.11581e-003 
-5.93950e-003 
-8.71759e-003 
-1.40778e-002 
-4.39216e-003 
1.32361e-002 
3.18336e-002 
3.51831e-002 
1.69103e-002 
1.93736e-002 
2.38424e-002 
3.44025e-002 
3.44025e-002 